time,left_w1,left_gripper,right_gripper
0,0.32981,0,100
0.01,0.32981,0,100
0.02,0.32974,0,100
0.03,0.32955,0,100
0.04,0.32918,0,100
0.05,0.32859,0,100
0.06,0.32774,0,100
0.07,0.3266,0,100
0.08,0.32513,0,100
0.09,0.32331,0,100
0.1,0.32113,0,100
0.11,0.31857,0,100
0.12,0.31563,0,100
0.13,0.31231,0,100
0.14,0.30864,0,100
0.15,0.30464,0,100
0.16,0.30039,0,100
0.17,0.29594,0,100
0.18,0.29139,0,100
0.19,0.28685,0,100
0.2,0.28244,0,100
0.21,0.27832,0,100
0.22,0.27461,0,100
0.23,0.27148,0,100
0.24,0.26909,0,100
0.25,0.26758,0,100
0.26,0.2671,0,100
0.27,0.26776,0,100
0.28,0.26964,0,100
0.29,0.2728,0,100
0.3,0.27723,0,100
0.31,0.2829,0,100
0.32,0.28974,0,100
0.33,0.29762,0,100
0.34,0.3064,0,100
0.35,0.3159,0,100
0.36,0.32593,0,100
0.37,0.33629,0,100
0.38,0.34679,0,100
0.39,0.35725,0,100
0.4,0.36749,0,100
0.41,0.37738,0,100
0.42,0.38682,0,100
0.43,0.39571,0,100
0.44,0.40403,0,100
0.45,0.41175,0,100
0.46,0.4189,0,100
0.47,0.42552,0,100
0.48,0.43167,0,100
0.49,0.43744,0,100
0.5,0.44293,0,100
0.51,0.44825,0,100
0.52,0.45348,0,100
0.53,0.45874,0,100
0.54,0.46411,0,100
0.55,0.46969,0,100
0.56,0.47556,0,100
0.57,0.48179,0,100
0.58,0.48846,0,100
0.59,0.49563,0,100
0.6,0.50337,0,100
0.61,0.51177,0,100
0.62,0.52088,0,100
0.63,0.53078,0,100
0.64,0.54153,0,100
0.65,0.55318,0,100
0.66,0.56579,0,100
0.67,0.57938,0,100
0.68,0.59397,0,100
0.69,0.60956,0,100
0.7,0.62613,0,100
0.71,0.64366,0,100
0.72,0.66208,0,100
0.73,0.68134,0,100
0.74,0.70138,0,100
0.75,0.72209,0,100
0.76,0.7434,0,100
0.77,0.7652,0,100
0.78,0.78738,0,100
0.79,0.80985,0,100
0.8,0.83251,0,100
0.81,0.85526,0,100
0.82,0.87801,0,100
0.83,0.90067,0,100
0.84,0.92316,0,100
0.85,0.94537,0,100
0.86,0.96723,0,100
0.87,0.98863,0,100
0.88,1.0094,0,100
0.89,1.0296,0,100
0.9,1.0489,0,100
0.91,1.0672,0,100
0.92,1.0844,0,100
0.93,1.1004,0,100
0.94,1.1151,0,100
0.95,1.1284,0,100
0.96,1.1401,0,100
0.97,1.1503,0,100
0.98,1.1588,0,100
0.99,1.1656,0,100
1,1.1707,0,100
1.01,1.1739,0,100
1.02,1.1752,0,100
1.03,1.1744,0,100
1.04,1.1714,0,100
1.05,1.1662,0,100
1.06,1.1585,0,100
1.07,1.1482,0,100
1.08,1.1353,0,100
1.09,1.1197,0,100
1.1,1.1013,0,100
1.11,1.0801,0,100
1.12,1.0563,0,100
1.13,1.0298,0,100
1.14,1.0007,0,100
1.15,0.96914,0,100
1.16,0.9352,0,100
1.17,0.89901,0,100
1.18,0.86068,0,100
1.19,0.82036,0,100
1.2,0.77816,0,100
1.21,0.73424,0,100
1.22,0.68873,0,100
1.23,0.64177,0,100
1.24,0.59351,0,100
1.25,0.54412,0,100
1.26,0.49376,0,100
1.27,0.44261,0,100
1.28,0.3909,0,100
1.29,0.33887,0,100
1.3,0.28678,0,100
1.31,0.23496,0,100
1.32,0.18372,0,100
1.33,0.13344,0,100
1.34,0.084452,0,100
1.35,0.037092,0,100
1.36,-0.0083462,0,100
1.37,-0.051616,0,100
1.38,-0.092526,0,100
1.39,-0.13094,0,100
1.4,-0.16676,0,100
1.41,-0.19996,0,100
1.42,-0.23053,0,100
1.43,-0.25851,0,100
1.44,-0.28397,0,100
1.45,-0.30699,0,100
1.46,-0.32769,0,100
1.47,-0.3462,0,100
1.48,-0.36266,0,100
1.49,-0.37721,0,100
1.5,-0.39,0,100
1.51,-0.40115,0,100
1.52,-0.41079,0,100
1.53,-0.41905,0,100
1.54,-0.42603,0,100
1.55,-0.43182,0,100
1.56,-0.43653,0,100
1.57,-0.44025,0,100
1.58,-0.44305,0,100
1.59,-0.44501,0,100
1.6,-0.44622,0,100
1.61,-0.44675,0,100
1.62,-0.44667,0,100
1.63,-0.44606,0,100
1.64,-0.44496,0,100
1.65,-0.44343,0,100
1.66,-0.44154,0,100
1.67,-0.43931,0,100
1.68,-0.43679,0,100
1.69,-0.43402,0,100
1.7,-0.43104,0,100
1.71,-0.42789,0,100
1.72,-0.42461,0,100
1.73,-0.42126,0,100
1.74,-0.41787,0,100
1.75,-0.4145,0,100
1.76,-0.4112,0,100
1.77,-0.40802,0,100
1.78,-0.405,0,100
1.79,-0.40218,0,100
1.8,-0.39957,0,100
1.81,-0.39719,0,100
1.82,-0.39506,0,100
1.83,-0.39318,0,100
1.84,-0.39153,0,100
1.85,-0.3901,0,100
1.86,-0.38887,0,100
1.87,-0.38782,0,100
1.88,-0.3869,0,100
1.89,-0.38609,0,100
1.9,-0.38533,0,100
1.91,-0.3846,0,100
1.92,-0.38386,0,100
1.93,-0.38307,0,100
1.94,-0.38221,0,100
1.95,-0.38126,0,100
1.96,-0.3802,0,100
1.97,-0.37901,0,100
1.98,-0.3777,0,100
1.99,-0.37625,0,100
2,-0.37466,0,100
2.01,-0.37294,0,100
2.02,-0.37107,0,100
2.03,-0.36907,0,100
2.04,-0.36694,0,100
2.05,-0.36469,0,100
2.06,-0.36231,0,100
2.07,-0.35981,0,100
2.08,-0.35721,0,100
2.09,-0.35449,0,100
2.1,-0.35168,0,100
2.11,-0.34878,0,100
2.12,-0.34577,0,100
2.13,-0.34268,0,100
2.14,-0.33951,0,100
2.15,-0.33624,0,100
2.16,-0.33289,0,100
2.17,-0.32944,0,100
2.18,-0.32591,0,100
2.19,-0.32228,0,100
2.2,-0.31856,0,100
2.21,-0.31475,0,100
2.22,-0.31084,0,100
2.23,-0.30684,0,100
2.24,-0.30275,0,100
2.25,-0.29859,0,100
2.26,-0.29435,0,100
2.27,-0.29005,0,100
2.28,-0.28569,0,100
2.29,-0.2813,0,100
2.3,-0.27688,0,100
2.31,-0.27246,0,100
2.32,-0.26805,0,100
2.33,-0.26367,0,100
2.34,-0.25934,0,100
2.35,-0.25506,0,100
2.36,-0.25085,0,100
2.37,-0.24672,0,100
2.38,-0.24267,0,100
2.39,-0.23871,0,100
2.4,-0.23484,0,100
2.41,-0.23106,0,100
2.42,-0.22737,0,100
2.43,-0.22376,0,100
2.44,-0.22023,0,100
2.45,-0.21678,0,100
2.46,-0.21341,0,100
2.47,-0.2101,0,100
2.48,-0.20686,0,100
2.49,-0.20367,0,100
2.5,-0.20054,0,100
2.51,-0.19746,0,100
2.52,-0.19443,0,100
2.53,-0.19145,0,100
2.54,-0.1885,0,100
2.55,-0.1856,0,100
2.56,-0.18274,0,100
2.57,-0.17992,0,100
2.58,-0.17714,0,100
2.59,-0.1744,0,100
2.6,-0.1717,0,100
2.61,-0.16904,0,100
2.62,-0.16642,0,100
2.63,-0.16384,0,100
2.64,-0.16129,0,100
2.65,-0.15879,0,100
2.66,-0.15632,0,100
2.67,-0.15389,0,100
2.68,-0.15149,0,100
2.69,-0.14913,0,100
2.7,-0.1468,0,100
