time,left_e1,left_w1,left_gripper,right_gripper
0,2.1932,0.077466,0,100
0.01,2.1932,0.077466,0,100
0.02,2.1932,0.077473,0,100
0.03,2.1931,0.077491,0,100
0.04,2.1929,0.077524,0,100
0.05,2.1926,0.077575,0,100
0.06,2.1921,0.077643,0,100
0.07,2.1915,0.07773,0,100
0.08,2.1908,0.077835,0,100
0.09,2.1899,0.077957,0,100
0.1,2.1889,0.078096,0,100
0.11,2.1877,0.078249,0,100
0.12,2.1863,0.078417,0,100
0.13,2.1848,0.078596,0,100
0.14,2.1832,0.078787,0,100
0.15,2.1813,0.078987,0,100
0.16,2.1793,0.079197,0,100
0.17,2.1772,0.079415,0,100
0.18,2.1749,0.079641,0,100
0.19,2.1725,0.079876,0,100
0.2,2.17,0.080119,0,100
0.21,2.1673,0.080371,0,100
0.22,2.1644,0.080634,0,100
0.23,2.1615,0.080909,0,100
0.24,2.1584,0.081198,0,100
0.25,2.1552,0.081504,0,100
0.26,2.1518,0.08183,0,100
0.27,2.1484,0.082179,0,100
0.28,2.1448,0.082554,0,100
0.29,2.1411,0.082961,0,100
0.3,2.1373,0.083403,0,100
0.31,2.1334,0.083884,0,100
0.32,2.1294,0.084411,0,100
0.33,2.1252,0.084988,0,100
0.34,2.121,0.08562,0,100
0.35,2.1166,0.086312,0,100
0.36,2.1121,0.08707,0,100
0.37,2.1076,0.087899,0,100
0.38,2.1029,0.088803,0,100
0.39,2.0981,0.089787,0,100
0.4,2.0932,0.090855,0,100
0.41,2.0882,0.092011,0,100
0.42,2.0831,0.093257,0,100
0.43,2.0779,0.094597,0,100
0.44,2.0727,0.096032,0,100
0.45,2.0674,0.097564,0,100
0.46,2.062,0.099192,0,100
0.47,2.0565,0.10092,0,100
0.48,2.051,0.10274,0,100
0.49,2.0454,0.10466,0,100
0.5,2.0399,0.10667,0,100
0.51,2.0343,0.10877,0,100
0.52,2.0287,0.11096,0,100
0.53,2.0231,0.11323,0,100
0.54,2.0175,0.11558,0,100
0.55,2.012,0.11801,0,100
0.56,2.0065,0.12051,0,100
0.57,2.0011,0.12308,0,100
0.58,1.9958,0.1257,0,100
0.59,1.9906,0.12839,0,100
0.6,1.9854,0.13113,0,100
0.61,1.9804,0.13391,0,100
0.62,1.9756,0.13673,0,100
0.63,1.9708,0.13959,0,100
0.64,1.9663,0.14248,0,100
0.65,1.9619,0.1454,0,100
0.66,1.9577,0.14833,0,100
0.67,1.9537,0.15129,0,100
0.68,1.9499,0.15426,0,100
0.69,1.9463,0.15723,0,100
0.7,1.943,0.16021,0,100
0.71,1.9398,0.16319,0,100
0.72,1.9369,0.16617,0,100
0.73,1.9343,0.16915,0,100
0.74,1.9319,0.17211,0,100
0.75,1.9297,0.17507,0,100
0.76,1.9278,0.17801,0,100
0.77,1.9261,0.18093,0,100
0.78,1.9246,0.18384,0,100
0.79,1.9234,0.18673,0,100
0.8,1.9225,0.1896,0,100
0.81,1.9218,0.19245,0,100
0.82,1.9214,0.19527,0,100
0.83,1.9211,0.19808,0,100
0.84,1.9212,0.20086,0,100
0.85,1.9214,0.20362,0,100
0.86,1.9219,0.20635,0,100
0.87,1.9226,0.20906,0,100
0.88,1.9235,0.21176,0,100
0.89,1.9247,0.21443,0,100
0.9,1.926,0.21708,0,100
0.91,1.9275,0.21972,0,100
0.92,1.9293,0.22234,0,100
0.93,1.9312,0.22494,0,100
0.94,1.9333,0.22754,0,100
0.95,1.9356,0.23013,0,100
0.96,1.9381,0.23271,0,100
0.97,1.9408,0.23529,0,100
0.98,1.9436,0.23787,0,100
0.99,1.9465,0.24045,0,100
1,1.9496,0.24304,0,100
1.01,1.9529,0.24563,0,100
1.02,1.9563,0.24824,0,100
1.03,1.9598,0.25086,0,100
1.04,1.9634,0.25351,0,100
1.05,1.9672,0.25617,0,100
1.06,1.971,0.25885,0,100
1.07,1.975,0.26156,0,100
1.08,1.9791,0.26429,0,100
1.09,1.9832,0.26705,0,100
1.1,1.9875,0.26984,0,100
1.11,1.9918,0.27265,0,100
1.12,1.9962,0.2755,0,100
1.13,2.0006,0.27838,0,100
1.14,2.0051,0.28129,0,100
1.15,2.0097,0.28424,0,100
1.16,2.0143,0.28721,0,100
1.17,2.019,0.29021,0,100
1.18,2.0236,0.29325,0,100
1.19,2.0283,0.29631,0,100
1.2,2.0331,0.29941,0,100
1.21,2.0378,0.30253,0,100
1.22,2.0426,0.30568,0,100
1.23,2.0473,0.30886,0,100
1.24,2.052,0.31206,0,100
1.25,2.0568,0.31529,0,100
1.26,2.0615,0.31854,0,100
1.27,2.0662,0.32181,0,100
1.28,2.0708,0.3251,0,100
1.29,2.0755,0.32842,0,100
1.3,2.08,0.33175,0,100
1.31,2.0846,0.3351,0,100
1.32,2.089,0.33846,0,100
1.33,2.0935,0.34185,0,100
1.34,2.0978,0.34524,0,100
1.35,2.1021,0.34866,0,100
1.36,2.1062,0.35208,0,100
1.37,2.1103,0.35552,0,100
1.38,2.1143,0.35897,0,100
1.39,2.1182,0.36243,0,100
1.4,2.1219,0.36591,0,100
1.41,2.1256,0.36939,0,100
1.42,2.1291,0.37288,0,100
1.43,2.1324,0.37638,0,100
1.44,2.1357,0.37989,0,100
1.45,2.1387,0.38341,0,100
1.46,2.1417,0.38694,0,100
1.47,2.1444,0.39047,0,100
1.48,2.147,0.394,0,100
1.49,2.1495,0.39754,0,100
1.5,2.1517,0.40109,0,100
1.51,2.1538,0.40464,0,100
1.52,2.1557,0.40818,0,100
1.53,2.1575,0.41173,0,100
1.54,2.159,0.41528,0,100
1.55,2.1604,0.41883,0,100
1.56,2.1616,0.42237,0,100
1.57,2.1626,0.42591,0,100
1.58,2.1635,0.42944,0,100
1.59,2.1641,0.43297,0,100
1.6,2.1646,0.43648,0,100
1.61,2.1649,0.43999,0,100
1.62,2.165,0.44349,0,100
1.63,2.165,0.44698,0,100
1.64,2.1648,0.45045,0,100
1.65,2.1643,0.45391,0,100
1.66,2.1638,0.45735,0,100
1.67,2.163,0.46078,0,100
1.68,2.1621,0.46419,0,100
1.69,2.161,0.46758,0,100
1.7,2.1597,0.47094,0,100
1.71,2.1582,0.47429,0,100
1.72,2.1566,0.47761,0,100
1.73,2.1548,0.48091,0,100
1.74,2.1527,0.48418,0,100
1.75,2.1505,0.48742,0,100
1.76,2.1481,0.49064,0,100
1.77,2.1455,0.49382,0,100
1.78,2.1426,0.49697,0,100
1.79,2.1396,0.50009,0,100
1.8,2.1363,0.50318,0,100
1.81,2.1327,0.50622,0,100
1.82,2.1289,0.50923,0,100
1.83,2.1249,0.5122,0,100
1.84,2.1206,0.51514,0,100
1.85,2.116,0.51802,0,100
1.86,2.1112,0.52087,0,100
1.87,2.106,0.52367,0,100
1.88,2.1006,0.52643,0,100
1.89,2.0949,0.52915,0,100
1.9,2.0889,0.53181,0,100
1.91,2.0826,0.53443,0,100
1.92,2.0761,0.53701,0,100
1.93,2.0692,0.53953,0,100
1.94,2.0621,0.54201,0,100
1.95,2.0546,0.54444,0,100
1.96,2.0469,0.54683,0,100
1.97,2.039,0.54916,0,100
1.98,2.0307,0.55145,0,100
1.99,2.0222,0.55368,0,100
2,2.0135,0.55587,0,100
2.01,2.0045,0.55802,0,100
2.02,1.9953,0.56011,0,100
2.03,1.9858,0.56216,0,100
2.04,1.9762,0.56416,0,100
2.05,1.9663,0.56611,0,100
2.06,1.9562,0.56802,0,100
2.07,1.9459,0.56989,0,100
2.08,1.9355,0.57171,0,100
2.09,1.9249,0.57349,0,100
2.1,1.9141,0.57523,0,100
2.11,1.9031,0.57692,0,100
2.12,1.892,0.57858,0,100
2.13,1.8807,0.5802,0,100
2.14,1.8693,0.58178,0,100
2.15,1.8578,0.58333,0,100
2.16,1.8462,0.58485,0,100
2.17,1.8344,0.58633,0,100
2.18,1.8226,0.58779,0,100
2.19,1.8106,0.58923,0,100
2.2,1.7986,0.59064,0,100
2.21,1.7864,0.59203,0,100
2.22,1.7742,0.59341,0,100
2.23,1.7618,0.59477,0,100
2.24,1.7494,0.59612,0,100
2.25,1.737,0.59746,0,100
2.26,1.7244,0.59879,0,100
2.27,1.7118,0.60012,0,100
2.28,1.6992,0.60145,0,100
2.29,1.6865,0.60278,0,100
2.3,1.6737,0.60411,0,100
2.31,1.6609,0.60544,0,100
2.32,1.6481,0.60678,0,100
2.33,1.6353,0.60812,0,100
2.34,1.6224,0.60946,0,100
2.35,1.6095,0.61081,0,100
2.36,1.5966,0.61217,0,100
2.37,1.5836,0.61353,0,100
2.38,1.5707,0.6149,0,100
2.39,1.5578,0.61628,0,100
2.4,1.5449,0.61766,0,100
2.41,1.5319,0.61904,0,100
2.42,1.5191,0.62043,0,100
2.43,1.5062,0.62182,0,100
2.44,1.4933,0.62322,0,100
2.45,1.4805,0.62461,0,100
2.46,1.4678,0.62601,0,100
2.47,1.455,0.6274,0,100
2.48,1.4424,0.6288,0,100
2.49,1.4297,0.63019,0,100
2.5,1.4172,0.63157,0,100
2.51,1.4047,0.63295,0,100
2.52,1.3923,0.63431,0,100
2.53,1.3799,0.63567,0,100
2.54,1.3677,0.63701,0,100
2.55,1.3555,0.63834,0,100
2.56,1.3435,0.63964,0,100
2.57,1.3315,0.64093,0,100
2.58,1.3197,0.64218,0,100
2.59,1.3081,0.64341,0,100
2.6,1.2966,0.6446,0,100
2.61,1.2852,0.64575,0,100
2.62,1.274,0.64686,0,100
2.63,1.263,0.64793,0,100
2.64,1.2522,0.64894,0,100
2.65,1.2415,0.6499,0,100
2.66,1.2311,0.6508,0,100
2.67,1.221,0.65163,0,100
2.68,1.211,0.6524,0,100
2.69,1.2013,0.6531,0,100
2.7,1.1918,0.65373,0,100
2.71,1.1826,0.65428,0,100
2.72,1.1737,0.65476,0,100
2.73,1.165,0.65517,0,100
2.74,1.1565,0.65549,0,100
2.75,1.1484,0.65574,0,100
2.76,1.1405,0.65591,0,100
2.77,1.1328,0.656,0,100
2.78,1.1254,0.65601,0,100
2.79,1.1183,0.65595,0,100
2.8,1.1115,0.65581,0,100
2.81,1.1049,0.65559,0,100
2.82,1.0985,0.6553,0,100
2.83,1.0924,0.65494,0,100
2.84,1.0865,0.65451,0,100
2.85,1.0809,0.65401,0,100
2.86,1.0755,0.65345,0,100
2.87,1.0703,0.65282,0,100
2.88,1.0654,0.65213,0,100
2.89,1.0606,0.65138,0,100
2.9,1.0561,0.65057,0,100
2.91,1.0518,0.6497,0,100
2.92,1.0477,0.64879,0,100
2.93,1.0437,0.64782,0,100
2.94,1.04,0.6468,0,100
2.95,1.0364,0.64574,0,100
2.96,1.033,0.64464,0,100
2.97,1.0298,0.64349,0,100
2.98,1.0267,0.64231,0,100
2.99,1.0238,0.64109,0,100
3,1.021,0.63984,0,100
3.01,1.0183,0.63856,0,100
3.02,1.0158,0.63725,0,100
3.03,1.0134,0.63593,0,100
3.04,1.0111,0.63458,0,100
3.05,1.0089,0.63321,0,100
3.06,1.0068,0.63183,0,100
3.07,1.0048,0.63044,0,100
3.08,1.0029,0.62903,0,100
3.09,1.001,0.62762,0,100
3.1,0.99921,0.62621,0,100
3.11,0.99749,0.62479,0,100
3.12,0.99582,0.62337,0,100
3.13,0.9942,0.62196,0,100
3.14,0.99264,0.62055,0,100
3.15,0.99112,0.61914,0,100
3.16,0.98963,0.61774,0,100
3.17,0.98819,0.61634,0,100
3.18,0.98678,0.61496,0,100
3.19,0.9854,0.61358,0,100
3.2,0.98404,0.61222,0,100
3.21,0.98272,0.61086,0,100
3.22,0.98141,0.60952,0,100
3.23,0.98013,0.6082,0,100
3.24,0.97887,0.60688,0,100
3.25,0.97763,0.60558,0,100
3.26,0.97641,0.6043,0,100
3.27,0.9752,0.60303,0,100
3.28,0.97401,0.60178,0,100
3.29,0.97283,0.60055,0,100
3.3,0.97167,0.59933,0,100
3.31,0.97052,0.59812,0,100
3.32,0.96938,0.59694,0,100
3.33,0.96826,0.59577,0,100
3.34,0.96715,0.59462,0,100
3.35,0.96605,0.59349,0,100
3.36,0.96496,0.59238,0,100
3.37,0.96388,0.59129,0,100
3.38,0.96281,0.59021,0,100
3.39,0.96175,0.58915,0,100
3.4,0.9607,0.58811,0,100
3.41,0.95967,0.58709,0,100
3.42,0.95864,0.58609,0,100
3.43,0.95762,0.58511,0,100
3.44,0.95661,0.58415,0,100
3.45,0.95562,0.5832,0,100
3.46,0.95463,0.58228,0,100
3.47,0.95365,0.58137,0,100
3.48,0.95268,0.58048,0,100
3.49,0.95172,0.57961,0,100
3.5,0.95077,0.57876,0,100
3.51,0.94983,0.57792,0,100
3.52,0.94889,0.5771,0,100
3.53,0.94797,0.57631,0,100
3.54,0.94705,0.57552,0,100
3.55,0.94615,0.57476,0,100
3.56,0.94525,0.57401,0,100
3.57,0.94436,0.57328,0,100
3.58,0.94349,0.57257,0,100
3.59,0.94261,0.57187,0,100
3.6,0.94175,0.57119,0,100
3.61,0.9409,0.57052,0,100
3.62,0.94005,0.56987,0,100
3.63,0.93922,0.56923,0,100
3.64,0.93839,0.56861,0,100
3.65,0.93756,0.568,0,100
3.66,0.93675,0.56741,0,100
3.67,0.93595,0.56683,0,100
3.68,0.93515,0.56627,0,100
3.69,0.93436,0.56571,0,100
3.7,0.93357,0.56517,0,100
