time,left_s0,left_s1,left_e0,left_e1,left_w0,left_w1,left_w2,left_gripper,right_s0,right_s1,right_e0,right_e1,right_w0,right_w1,right_w2,right_gripper
3.077860,-0.820296225385,-0.462111711823,0.0391165100464,1.96234492066,-0.0743980681274,0.0740145729309,-0.0540728227112,0.0,0.08628641922,-1.00437391972,1.17387879659,1.94240317044,-0.668432127557,1.02623314592,0.4977767651,100.0
3.078123,-0.820296225385,-0.462111711823,0.0391165100464,1.96234492066,-0.0743980681274,0.0740145729309,-0.0540728227112,0.0,0.08628641922,-1.00437391972,1.17387879659,1.94240317044,-0.668432127557,1.02623314592,0.4977767651,100.0
3.088221,-0.820296225385,-0.461344721429,0.0391165100464,1.96311191105,-0.0743980681274,0.0751650585205,-0.0536893275146,0.0,0.087053409613,-1.00514091011,1.17387879659,1.94278666564,-0.667665137164,1.02700013632,0.498543755493,100.0
3.098238,-0.820296225385,-0.462111711823,0.0387330148499,1.96234492066,-0.0751650585205,0.074781563324,-0.0536893275146,0.0,0.087053409613,-1.00475741492,1.17464578698,1.94240317044,-0.668432127557,1.02623314592,0.498160260297,100.0
3.108201,-0.820679720581,-0.462111711823,0.0391165100464,1.96234492066,-0.0740145729309,0.074781563324,-0.0536893275146,0.0,0.08628641922,-1.00475741492,1.17426229178,1.94201967524,-0.668048632361,1.02623314592,0.498160260297,100.0
3.118178,-0.820679720581,-0.461728216626,0.0387330148499,1.96196142546,-0.0751650585205,0.074781563324,-0.0533058323181,0.0,0.0859029240234,-1.00475741492,1.17426229178,1.94278666564,-0.667665137164,1.02623314592,0.4977767651,100.0
3.128159,-0.821063215778,-0.462111711823,0.0387330148499,1.96196142546,-0.0751650585205,0.0743980681274,-0.0540728227112,0.0,0.0866699144165,-1.00437391972,1.17502928218,1.94201967524,-0.668432127557,1.02700013632,0.4977767651,100.0
3.138172,-0.819912730188,-0.462111711823,0.0387330148499,1.96234492066,-0.0743980681274,0.0743980681274,-0.0529223371216,0.0,0.08628641922,-1.00514091011,1.17426229178,1.94240317044,-0.668432127557,1.02623314592,0.4977767651,100.0
3.148205,-0.820679720581,-0.462878702216,0.0395000052429,1.96157793027,-0.0743980681274,0.0740145729309,-0.0536893275146,0.0,0.0859029240234,-1.00437391972,1.17426229178,1.94240317044,-0.668432127557,1.02700013632,0.498160260297,100.0
3.158273,-0.820296225385,-0.461728216626,0.0387330148499,1.96311191105,-0.074781563324,0.074781563324,-0.0540728227112,0.0,0.08628641922,-1.00437391972,1.17464578698,1.94240317044,-0.668432127557,1.02738363151,0.498160260297,100.0
3.168215,-0.821063215778,-0.461728216626,0.0391165100464,1.96196142546,-0.0751650585205,0.074781563324,-0.0529223371216,0.0,0.08628641922,-1.00437391972,1.17464578698,1.94278666564,-0.668815622754,1.02623314592,0.498160260297,100.0
3.178216,-0.819529234991,-0.462111711823,0.0383495196533,1.96234492066,-0.074781563324,0.0743980681274,-0.0533058323181,0.0,0.0866699144165,-1.00475741492,1.17464578698,1.94278666564,-0.668048632361,1.02623314592,0.498160260297,100.0
3.188311,-0.820679720581,-0.462111711823,0.0391165100464,1.96196142546,-0.0743980681274,0.0751650585205,-0.0536893275146,0.0,0.087053409613,-1.00475741492,1.17387879659,1.94278666564,-0.668048632361,1.02623314592,0.4977767651,100.0
3.198219,-0.821063215778,-0.461728216626,0.0395000052429,1.96234492066,-0.0751650585205,0.075548553717,-0.0533058323181,0.0,0.087053409613,-1.00475741492,1.17464578698,1.94278666564,-0.668432127557,1.02584965073,0.498160260297,100.0
3.208212,-0.820679720581,-0.462878702216,0.0395000052429,1.96311191105,-0.0743980681274,0.0740145729309,-0.0540728227112,0.0,0.08628641922,-1.00475741492,1.17464578698,1.94240317044,-0.667281641968,1.02738363151,0.498160260297,100.0
3.218205,-0.820296225385,-0.462495207019,0.0395000052429,1.96196142546,-0.0743980681274,0.0743980681274,-0.0533058323181,0.0,0.0859029240234,-1.00475741492,1.17426229178,1.94317016083,-0.668048632361,1.02738363151,0.4977767651,100.0
3.228205,-0.820296225385,-0.461728216626,0.0395000052429,1.96311191105,-0.0743980681274,0.0751650585205,-0.0536893275146,0.0,0.0866699144165,-1.00437391972,1.17387879659,1.94278666564,-0.667665137164,1.02700013632,0.498543755493,100.0
3.238243,-0.820679720581,-0.462111711823,0.0391165100464,1.96196142546,-0.074781563324,0.0751650585205,-0.0533058323181,0.0,0.0874369048096,-1.00475741492,1.17464578698,1.94240317044,-0.668048632361,1.02738363151,0.498160260297,100.0
3.248231,-0.820296225385,-0.462495207019,0.0391165100464,1.96272841586,-0.0751650585205,0.0740145729309,-0.0533058323181,0.0,0.0874369048096,-1.00399042452,1.17426229178,1.94240317044,-0.668432127557,1.02623314592,0.498160260297,100.0
3.258232,-0.820679720581,-0.462495207019,0.0398835004395,1.96234492066,-0.0743980681274,0.0751650585205,-0.0536893275146,0.0,0.0859029240234,-1.00437391972,1.17502928218,1.94240317044,-0.668815622754,1.02623314592,0.4977767651,100.0
3.268236,-0.819912730188,-0.462495207019,0.0391165100464,1.96234492066,-0.074781563324,0.0736310777344,-0.0533058323181,0.0,0.0859029240234,-1.00475741492,1.17426229178,1.94240317044,-0.667281641968,1.02584965073,0.49892725069,100.0
3.278215,-0.819912730188,-0.462111711823,0.0395000052429,1.96196142546,-0.074781563324,0.0736310777344,-0.0533058323181,0.0,0.0866699144165,-1.00514091011,1.17464578698,1.94240317044,-0.668815622754,1.02700013632,0.497393269904,100.0
3.288256,-0.821063215778,-0.462495207019,0.0395000052429,1.96272841586,-0.0740145729309,0.0751650585205,-0.0540728227112,0.0,0.087053409613,-1.00475741492,1.17464578698,1.94201967524,-0.668815622754,1.02700013632,0.498543755493,100.0
3.298246,-0.820679720581,-0.462878702216,0.040266995636,1.96311191105,-0.0740145729309,0.0743980681274,-0.0544563179077,0.0,0.08628641922,-1.00475741492,1.17464578698,1.94317016083,-0.668815622754,1.02700013632,0.498160260297,100.0
3.308222,-0.821063215778,-0.461728216626,0.0387330148499,1.96234492066,-0.0743980681274,0.0740145729309,-0.0536893275146,0.0,0.0866699144165,-1.00514091011,1.17464578698,1.94240317044,-0.668048632361,1.02700013632,0.498160260297,100.0
3.318213,-0.820679720581,-0.462111711823,0.0395000052429,1.96272841586,-0.0743980681274,0.074781563324,-0.0536893275146,0.0,0.08628641922,-1.00437391972,1.17464578698,1.94317016083,-0.667665137164,1.02584965073,0.4977767651,100.0
3.328239,-0.821063215778,-0.462111711823,0.040266995636,1.96311191105,-0.074781563324,0.0740145729309,-0.0533058323181,0.0,0.0866699144165,-1.00552440531,1.17502928218,1.94278666564,-0.667281641968,1.02584965073,0.4977767651,100.0
3.338258,-0.820296225385,-0.460961226233,0.0398835004395,1.96349540625,-0.0751650585205,0.0751650585205,-0.0536893275146,0.0,0.0855194288269,-1.00437391972,1.17426229178,1.94278666564,-0.668048632361,1.02623314592,0.498160260297,100.0
3.348260,-0.820679720581,-0.461728216626,0.040266995636,1.96349540625,-0.074781563324,0.0751650585205,-0.0533058323181,0.0,0.0866699144165,-1.00475741492,1.17464578698,1.94240317044,-0.668815622754,1.02623314592,0.498160260297,100.0
3.358236,-0.820296225385,-0.462878702216,0.0391165100464,1.96387890145,-0.074781563324,0.074781563324,-0.0536893275146,0.0,0.087053409613,-1.00475741492,1.17502928218,1.94201967524,-0.668432127557,1.02623314592,0.498160260297,100.0
3.368235,-0.820296225385,-0.461728216626,0.0391165100464,1.96311191105,-0.074781563324,0.0743980681274,-0.0544563179077,0.0,0.0874369048096,-1.00437391972,1.17387879659,1.94201967524,-0.668432127557,1.02623314592,0.498160260297,100.0
3.378216,-0.821063215778,-0.462495207019,0.0395000052429,1.96426239664,-0.0743980681274,0.074781563324,-0.0540728227112,0.0,0.0866699144165,-1.00437391972,1.17464578698,1.94240317044,-0.668048632361,1.02738363151,0.497393269904,100.0
3.388239,-0.820679720581,-0.462111711823,0.0395000052429,1.96426239664,-0.075548553717,0.0743980681274,-0.0529223371216,0.0,0.08628641922,-1.00514091011,1.17464578698,1.94240317044,-0.668432127557,1.02623314592,0.4977767651,100.0
3.398269,-0.820296225385,-0.461728216626,0.0395000052429,1.96426239664,-0.074781563324,0.074781563324,-0.0533058323181,0.0,0.087053409613,-1.00399042452,1.17426229178,1.94278666564,-0.667665137164,1.02584965073,0.4977767651,100.0
3.408247,-0.820679720581,-0.462495207019,0.0398835004395,1.96387890145,-0.0743980681274,0.074781563324,-0.0536893275146,0.0,0.0859029240234,-1.00475741492,1.17426229178,1.94278666564,-0.668048632361,1.02623314592,0.498543755493,100.0
3.418255,-0.820296225385,-0.461344721429,0.0395000052429,1.96349540625,-0.0751650585205,0.074781563324,-0.0536893275146,0.0,0.08628641922,-1.00514091011,1.17426229178,1.94240317044,-0.667665137164,1.02700013632,0.4977767651,100.0
3.428255,-0.820679720581,-0.461344721429,0.0379660244568,1.96349540625,-0.0751650585205,0.0743980681274,-0.0536893275146,0.0,0.0874369048096,-1.00514091011,1.17426229178,1.94278666564,-0.668815622754,1.02623314592,0.4977767651,100.0
3.438220,-0.820296225385,-0.462111711823,0.0395000052429,1.96464589184,-0.075548553717,0.0743980681274,-0.0533058323181,0.0,0.08628641922,-1.00399042452,1.17426229178,1.94201967524,-0.668048632361,1.02738363151,0.498543755493,100.0
3.448236,-0.820296225385,-0.461728216626,0.0395000052429,1.96349540625,-0.0751650585205,0.0743980681274,-0.0533058323181,0.0,0.0874369048096,-1.00475741492,1.17464578698,1.94240317044,-0.668048632361,1.02738363151,0.498160260297,100.0
3.458225,-0.820679720581,-0.461344721429,0.0395000052429,1.96387890145,-0.0740145729309,0.074781563324,-0.0540728227112,0.0,0.087053409613,-1.00437391972,1.17426229178,1.94278666564,-0.668815622754,1.02584965073,0.498160260297,100.0
3.468261,-0.820679720581,-0.462111711823,0.0391165100464,1.96349540625,-0.074781563324,0.0743980681274,-0.0536893275146,0.0,0.0866699144165,-1.00514091011,1.17464578698,1.94278666564,-0.668432127557,1.02584965073,0.4977767651,100.0
3.478291,-0.820679720581,-0.462495207019,0.0387330148499,1.96349540625,-0.074781563324,0.0743980681274,-0.0529223371216,0.0,0.0855194288269,-1.00437391972,1.17464578698,1.94163618005,-0.668815622754,1.02623314592,0.498160260297,100.0
3.488226,-0.819912730188,-0.462111711823,0.040266995636,1.96426239664,-0.0751650585205,0.0743980681274,-0.0540728227112,0.0,0.0866699144165,-1.00399042452,1.17387879659,1.94240317044,-0.667281641968,1.02623314592,0.4977767651,100.0
3.498263,-0.820296225385,-0.462111711823,0.0395000052429,1.96349540625,-0.0751650585205,0.074781563324,-0.0533058323181,0.0,0.0859029240234,-1.00475741492,1.17502928218,1.94201967524,-0.668048632361,1.02700013632,0.498160260297,100.0
3.508236,-0.820296225385,-0.461728216626,0.0387330148499,1.96387890145,-0.074781563324,0.074781563324,-0.0533058323181,0.0,0.0882038952026,-1.00399042452,1.17426229178,1.94240317044,-0.667281641968,1.02700013632,0.498160260297,100.0
3.518238,-0.820296225385,-0.461728216626,0.0395000052429,1.96349540625,-0.0751650585205,0.0743980681274,-0.0540728227112,0.0,0.08628641922,-1.00437391972,1.17464578698,1.94317016083,-0.667665137164,1.02623314592,0.498160260297,100.0
3.528231,-0.820679720581,-0.462495207019,0.0387330148499,1.96426239664,-0.0751650585205,0.074781563324,-0.0533058323181,0.0,0.087053409613,-1.00399042452,1.17387879659,1.94278666564,-0.668432127557,1.02700013632,0.4977767651,100.0
3.538280,-0.820296225385,-0.462495207019,0.0391165100464,1.96349540625,-0.0751650585205,0.0751650585205,-0.0536893275146,0.0,0.0866699144165,-1.00437391972,1.17387879659,1.94201967524,-0.668048632361,1.02700013632,0.498543755493,100.0
3.548250,-0.820296225385,-0.462495207019,0.0383495196533,1.96311191105,-0.0743980681274,0.0743980681274,-0.0533058323181,0.0,0.08628641922,-1.00399042452,1.17426229178,1.94240317044,-0.668432127557,1.02700013632,0.497393269904,100.0
3.558286,-0.820679720581,-0.462111711823,0.0398835004395,1.96349540625,-0.074781563324,0.0743980681274,-0.0533058323181,0.0,0.0859029240234,-1.00399042452,1.17464578698,1.94201967524,-0.668048632361,1.02623314592,0.4977767651,100.0
3.568210,-0.820296225385,-0.462111711823,0.0391165100464,1.96349540625,-0.074781563324,0.0743980681274,-0.0533058323181,0.0,0.08628641922,-1.00437391972,1.17464578698,1.94278666564,-0.667665137164,1.02623314592,0.4977767651,100.0
3.578217,-0.820296225385,-0.462111711823,0.0387330148499,1.96387890145,-0.0751650585205,0.074781563324,-0.0536893275146,0.0,0.08628641922,-1.00475741492,1.17387879659,1.94240317044,-0.668048632361,1.02623314592,0.498160260297,100.0
3.588213,-0.820679720581,-0.461344721429,0.0395000052429,1.96387890145,-0.074781563324,0.0743980681274,-0.0544563179077,0.0,0.0859029240234,-1.00514091011,1.17426229178,1.94240317044,-0.668432127557,1.02623314592,0.4977767651,100.0
3.598226,-0.820679720581,-0.461728216626,0.0391165100464,1.96387890145,-0.074781563324,0.074781563324,-0.0536893275146,0.0,0.0866699144165,-1.00475741492,1.17387879659,1.94240317044,-0.667665137164,1.02738363151,0.4977767651,100.0
3.608252,-0.820679720581,-0.462878702216,0.0387330148499,1.96387890145,-0.074781563324,0.0743980681274,-0.0536893275146,0.0,0.087053409613,-1.00475741492,1.17426229178,1.94278666564,-0.667665137164,1.02584965073,0.4977767651,100.0
3.618223,-0.820679720581,-0.462495207019,0.0395000052429,1.96349540625,-0.0743980681274,0.0743980681274,-0.0536893275146,0.0,0.08628641922,-1.00475741492,1.17426229178,1.94240317044,-0.668432127557,1.02738363151,0.4977767651,100.0
3.628207,-0.820296225385,-0.461728216626,0.0391165100464,1.96311191105,-0.074781563324,0.074781563324,-0.0536893275146,0.0,0.0859029240234,-1.00475741492,1.17464578698,1.94278666564,-0.667665137164,1.02700013632,0.4977767651,100.0
3.638215,-0.820679720581,-0.462495207019,0.0383495196533,1.96387890145,-0.0751650585205,0.0743980681274,-0.0533058323181,0.0,0.087053409613,-1.00514091011,1.17464578698,1.94317016083,-0.668432127557,1.02584965073,0.498160260297,100.0
3.648241,-0.820679720581,-0.462111711823,0.0383495196533,1.96349540625,-0.074781563324,0.0740145729309,-0.0529223371216,0.0,0.0866699144165,-1.00514091011,1.17426229178,1.94240317044,-0.668432127557,1.02700013632,0.498160260297,100.0
3.658227,-0.820679720581,-0.462111711823,0.0383495196533,1.96387890145,-0.074781563324,0.0743980681274,-0.0533058323181,0.0,0.0866699144165,-1.00475741492,1.17426229178,1.94278666564,-0.668432127557,1.02776712671,0.498160260297,100.0
3.668259,-0.820679720581,-0.461728216626,0.0395000052429,1.96387890145,-0.0743980681274,0.074781563324,-0.0533058323181,0.0,0.087053409613,-1.00399042452,1.17464578698,1.94317016083,-0.667665137164,1.02623314592,0.498543755493,100.0
3.678277,-0.820296225385,-0.462111711823,0.0387330148499,1.96387890145,-0.074781563324,0.0743980681274,-0.0536893275146,0.0,0.087053409613,-1.00360692933,1.17426229178,1.94240317044,-0.668048632361,1.02584965073,0.498543755493,100.0
3.688208,-0.821063215778,-0.461728216626,0.0383495196533,1.96387890145,-0.0743980681274,0.0743980681274,-0.0536893275146,0.0,0.0874369048096,-1.00475741492,1.17464578698,1.94278666564,-0.668432127557,1.02623314592,0.497393269904,100.0
3.698136,-0.820679720581,-0.461344721429,0.0395000052429,1.96349540625,-0.0751650585205,0.0743980681274,-0.0529223371216,0.0,0.087053409613,-1.00475741492,1.17464578698,1.94317016083,-0.668432127557,1.02623314592,0.497393269904,100.0
3.708127,-0.820296225385,-0.461344721429,0.0391165100464,1.96387890145,-0.074781563324,0.0740145729309,-0.0536893275146,0.0,0.08628641922,-1.00475741492,1.17426229178,1.94201967524,-0.668432127557,1.02623314592,0.4977767651,100.0
3.718119,-0.820679720581,-0.462495207019,0.0391165100464,1.96311191105,-0.0743980681274,0.0743980681274,-0.0540728227112,0.0,0.087053409613,-1.00514091011,1.17464578698,1.94240317044,-0.667665137164,1.02623314592,0.498160260297,100.0
3.728129,-0.821063215778,-0.461728216626,0.0391165100464,1.96387890145,-0.074781563324,0.0743980681274,-0.0536893275146,0.0,0.0866699144165,-1.00475741492,1.17502928218,1.94240317044,-0.667281641968,1.02584965073,0.498160260297,100.0
3.738149,-0.820296225385,-0.462111711823,0.0395000052429,1.96426239664,-0.074781563324,0.0736310777344,-0.0533058323181,0.0,0.0866699144165,-1.00475741492,1.17464578698,1.94240317044,-0.667665137164,1.02700013632,0.498160260297,100.0
3.748131,-0.820679720581,-0.462111711823,0.0391165100464,1.96349540625,-0.074781563324,0.0740145729309,-0.0533058323181,0.0,0.08628641922,-1.00437391972,1.17426229178,1.94240317044,-0.668048632361,1.02623314592,0.4977767651,100.0
3.758139,-0.819912730188,-0.462878702216,0.0383495196533,1.96426239664,-0.0743980681274,0.0743980681274,-0.0536893275146,0.0,0.087053409613,-1.00475741492,1.17502928218,1.94240317044,-0.668048632361,1.02700013632,0.498160260297,100.0
3.768132,-0.820679720581,-0.461728216626,0.0379660244568,1.96387890145,-0.0743980681274,0.0740145729309,-0.0540728227112,0.0,0.08628641922,-1.00399042452,1.17464578698,1.94240317044,-0.668048632361,1.02584965073,0.497009774707,100.0
3.778126,-0.821063215778,-0.462878702216,0.0387330148499,1.96387890145,-0.075548553717,0.0740145729309,-0.0540728227112,0.0,0.087053409613,-1.00475741492,1.17464578698,1.94240317044,-0.668432127557,1.02623314592,0.4977767651,100.0
3.788148,-0.820296225385,-0.462111711823,0.0387330148499,1.96387890145,-0.074781563324,0.0743980681274,-0.0536893275146,0.0,0.08628641922,-1.00437391972,1.17464578698,1.94278666564,-0.667665137164,1.02623314592,0.4977767651,100.0
3.798129,-0.820679720581,-0.462111711823,0.0395000052429,1.96387890145,-0.075548553717,0.0743980681274,-0.0533058323181,0.0,0.0866699144165,-1.00437391972,1.17426229178,1.94317016083,-0.668048632361,1.02700013632,0.4977767651,100.0
3.808189,-0.820679720581,-0.462111711823,0.0391165100464,1.96311191105,-0.0751650585205,0.0743980681274,-0.0533058323181,0.0,0.0859029240234,-1.00437391972,1.17464578698,1.94240317044,-0.668432127557,1.02623314592,0.498160260297,100.0
3.818230,-0.820679720581,-0.462878702216,0.0383495196533,1.96387890145,-0.074781563324,0.074781563324,-0.0536893275146,0.0,0.087053409613,-1.00475741492,1.17541277737,1.94240317044,-0.668432127557,1.02700013632,0.498160260297,100.0
3.828249,-0.820679720581,-0.462495207019,0.0391165100464,1.96426239664,-0.0740145729309,0.074781563324,-0.0533058323181,0.0,0.0866699144165,-1.00514091011,1.17426229178,1.94240317044,-0.668432127557,1.02738363151,0.498160260297,100.0
3.838249,-0.819912730188,-0.462111711823,0.0395000052429,1.96311191105,-0.0751650585205,0.0751650585205,-0.0536893275146,0.0,0.087053409613,-1.00514091011,1.17426229178,1.94240317044,-0.668432127557,1.02584965073,0.4977767651,100.0
3.848220,-0.821063215778,-0.462111711823,0.0398835004395,1.96387890145,-0.0743980681274,0.0751650585205,-0.0533058323181,0.0,0.08628641922,-1.00475741492,1.17387879659,1.94240317044,-0.668048632361,1.02700013632,0.4977767651,100.0
3.858222,-0.820296225385,-0.462111711823,0.0391165100464,1.96464589184,-0.074781563324,0.0740145729309,-0.0536893275146,0.0,0.0859029240234,-1.00437391972,1.17426229178,1.94240317044,-0.668432127557,1.02738363151,0.4977767651,100.0
3.868211,-0.820679720581,-0.462495207019,0.0395000052429,1.96349540625,-0.0743980681274,0.074781563324,-0.0533058323181,0.0,0.087053409613,-1.00475741492,1.17426229178,1.94278666564,-0.668048632361,1.02700013632,0.498160260297,100.0
3.878223,-0.820679720581,-0.461728216626,0.0395000052429,1.96349540625,-0.074781563324,0.074781563324,-0.0536893275146,0.0,0.087053409613,-1.00514091011,1.17464578698,1.94278666564,-0.668432127557,1.02623314592,0.4977767651,100.0
3.888249,-0.820679720581,-0.462495207019,0.0391165100464,1.96311191105,-0.074781563324,0.0743980681274,-0.0536893275146,0.0,0.087053409613,-1.00399042452,1.17464578698,1.94240317044,-0.668048632361,1.02623314592,0.4977767651,100.0
3.898233,-0.820679720581,-0.462111711823,0.0383495196533,1.96387890145,-0.0740145729309,0.0743980681274,-0.0536893275146,0.0,0.08628641922,-1.00475741492,1.17426229178,1.94240317044,-0.668048632361,1.02623314592,0.498160260297,100.0
3.908237,-0.820679720581,-0.462495207019,0.0395000052429,1.96311191105,-0.0743980681274,0.0740145729309,-0.0536893275146,0.0,0.08628641922,-1.00437391972,1.17502928218,1.94317016083,-0.668048632361,1.02623314592,0.498160260297,100.0
3.918256,-0.821063215778,-0.462878702216,0.0395000052429,1.96387890145,-0.075548553717,0.0743980681274,-0.0536893275146,0.0,0.0866699144165,-1.00475741492,1.17502928218,1.94240317044,-0.668048632361,1.02584965073,0.4977767651,100.0
3.928230,-0.821063215778,-0.461728216626,0.0391165100464,1.96426239664,-0.0743980681274,0.0743980681274,-0.0533058323181,0.0,0.0866699144165,-1.00475741492,1.17426229178,1.94201967524,-0.668048632361,1.02623314592,0.498160260297,100.0
3.938240,-0.821063215778,-0.461728216626,0.0391165100464,1.96349540625,-0.0743980681274,0.0743980681274,-0.0540728227112,0.0,0.08628641922,-1.00360692933,1.17387879659,1.94201967524,-0.668432127557,1.02700013632,0.4977767651,100.0
3.948271,-0.820679720581,-0.461728216626,0.0398835004395,1.96387890145,-0.074781563324,0.0743980681274,-0.0536893275146,0.0,0.0859029240234,-1.00399042452,1.17502928218,1.94278666564,-0.667665137164,1.02700013632,0.4977767651,100.0
3.958220,-0.821446710974,-0.462495207019,0.0395000052429,1.96387890145,-0.075548553717,0.0743980681274,-0.0536893275146,0.0,0.0866699144165,-1.00552440531,1.17387879659,1.94240317044,-0.667665137164,1.02700013632,0.4977767651,100.0
3.968219,-0.820679720581,-0.462495207019,0.0395000052429,1.96311191105,-0.074781563324,0.0740145729309,-0.0536893275146,0.0,0.08628641922,-1.00475741492,1.17464578698,1.94201967524,-0.668815622754,1.02738363151,0.4977767651,100.0
3.978222,-0.820679720581,-0.461728216626,0.0391165100464,1.96349540625,-0.074781563324,0.0743980681274,-0.0536893275146,0.0,0.08628641922,-1.00475741492,1.17464578698,1.94240317044,-0.668048632361,1.02700013632,0.498160260297,100.0
3.988227,-0.821446710974,-0.463262197412,0.0395000052429,1.96311191105,-0.0743980681274,0.074781563324,-0.0540728227112,0.0,0.0866699144165,-1.00437391972,1.17464578698,1.94240317044,-0.668048632361,1.02738363151,0.497393269904,100.0
3.998222,-0.820679720581,-0.462111711823,0.0391165100464,1.96349540625,-0.074781563324,0.0740145729309,-0.0540728227112,0.0,0.08628641922,-1.00475741492,1.17426229178,1.94240317044,-0.668048632361,1.02623314592,0.4977767651,100.0
4.008214,-0.821063215778,-0.461728216626,0.0398835004395,1.96349540625,-0.0751650585205,0.074781563324,-0.0536893275146,0.0,0.0859029240234,-1.00437391972,1.17464578698,1.94317016083,-0.668432127557,1.02623314592,0.497393269904,100.0
4.018227,-0.820296225385,-0.462878702216,0.0391165100464,1.96426239664,-0.0743980681274,0.0740145729309,-0.0536893275146,0.0,0.0855194288269,-1.00552440531,1.17464578698,1.94240317044,-0.668432127557,1.02623314592,0.498543755493,100.0
4.028238,-0.820296225385,-0.461728216626,0.0391165100464,1.96272841586,-0.074781563324,0.074781563324,-0.0533058323181,0.0,0.08628641922,-1.00399042452,1.17464578698,1.94240317044,-0.66919911795,1.02623314592,0.498160260297,100.0
4.038242,-0.820296225385,-0.462495207019,0.0391165100464,1.96349540625,-0.074781563324,0.0743980681274,-0.0536893275146,0.0,0.0866699144165,-1.00475741492,1.17387879659,1.94201967524,-0.668048632361,1.02584965073,0.4977767651,100.0
4.048238,-0.820296225385,-0.461728216626,0.0387330148499,1.96311191105,-0.074781563324,0.0740145729309,-0.0536893275146,0.0,0.0859029240234,-1.00475741492,1.17387879659,1.94240317044,-0.667665137164,1.02623314592,0.4977767651,100.0
4.058220,-0.821063215778,-0.461344721429,0.0395000052429,1.96311191105,-0.0751650585205,0.0751650585205,-0.0540728227112,0.0,0.0866699144165,-1.00514091011,1.17464578698,1.94201967524,-0.667281641968,1.02700013632,0.4977767651,100.0
4.068211,-0.820679720581,-0.462495207019,0.0391165100464,1.96387890145,-0.0743980681274,0.0743980681274,-0.0536893275146,0.0,0.087053409613,-1.00514091011,1.17426229178,1.94240317044,-0.667665137164,1.02700013632,0.4977767651,100.0
4.078285,-0.821063215778,-0.462495207019,0.0383495196533,1.96349540625,-0.0751650585205,0.075548553717,-0.0533058323181,0.0,0.08628641922,-1.00437391972,1.17426229178,1.94278666564,-0.668048632361,1.02623314592,0.498160260297,100.0
4.088222,-0.821063215778,-0.462111711823,0.0387330148499,1.96387890145,-0.0736310777344,0.075548553717,-0.0536893275146,0.0,0.0866699144165,-1.00360692933,1.17464578698,1.94240317044,-0.668432127557,1.02700013632,0.498543755493,100.0
4.098217,-0.821063215778,-0.461728216626,0.0391165100464,1.96349540625,-0.0751650585205,0.0740145729309,-0.0536893275146,0.0,0.087053409613,-1.00514091011,1.17464578698,1.94201967524,-0.668048632361,1.02623314592,0.497393269904,100.0
4.108200,-0.820296225385,-0.461728216626,0.0387330148499,1.96349540625,-0.0743980681274,0.074781563324,-0.0533058323181,0.0,0.08628641922,-1.00360692933,1.17426229178,1.94278666564,-0.668048632361,1.02623314592,0.498160260297,100.0
4.118233,-0.820296225385,-0.461728216626,0.0391165100464,1.96349540625,-0.074781563324,0.0743980681274,-0.0536893275146,0.0,0.08628641922,-1.00475741492,1.17464578698,1.94240317044,-0.667665137164,1.02623314592,0.4977767651,100.0
4.128220,-0.820296225385,-0.462111711823,0.0395000052429,1.96387890145,-0.0743980681274,0.074781563324,-0.0536893275146,0.0,0.087053409613,-1.00437391972,1.17426229178,1.94240317044,-0.668048632361,1.02738363151,0.498160260297,100.0
4.138232,-0.820679720581,-0.460577731036,0.0387330148499,1.96349540625,-0.075548553717,0.074781563324,-0.0544563179077,0.0,0.087053409613,-1.00475741492,1.17502928218,1.94240317044,-0.668432127557,1.02738363151,0.4977767651,100.0
4.148249,-0.820679720581,-0.461728216626,0.0395000052429,1.96311191105,-0.074781563324,0.0743980681274,-0.0536893275146,0.0,0.08628641922,-1.00475741492,1.17464578698,1.94278666564,-0.668048632361,1.02776712671,0.498543755493,100.0
4.158260,-0.820296225385,-0.461728216626,0.0387330148499,1.96349540625,-0.074781563324,0.074781563324,-0.0533058323181,0.0,0.087053409613,-1.00475741492,1.17426229178,1.94278666564,-0.668048632361,1.02623314592,0.498543755493,100.0
4.168223,-0.821063215778,-0.460961226233,0.0395000052429,1.96349540625,-0.074781563324,0.074781563324,-0.0536893275146,0.0,0.0866699144165,-1.00437391972,1.17426229178,1.94201967524,-0.668048632361,1.02623314592,0.4977767651,100.0
4.178248,-0.820296225385,-0.462111711823,0.0387330148499,1.96349540625,-0.0743980681274,0.0743980681274,-0.0533058323181,0.0,0.0866699144165,-1.00437391972,1.17502928218,1.94240317044,-0.667281641968,1.02700013632,0.497393269904,100.0
4.188223,-0.821063215778,-0.462111711823,0.0391165100464,1.96349540625,-0.074781563324,0.074781563324,-0.0540728227112,0.0,0.08628641922,-1.00399042452,1.17426229178,1.94278666564,-0.667665137164,1.02623314592,0.4977767651,100.0
4.198240,-0.820296225385,-0.462111711823,0.0395000052429,1.96349540625,-0.074781563324,0.074781563324,-0.0536893275146,0.0,0.08628641922,-1.00437391972,1.17426229178,1.94201967524,-0.668048632361,1.02700013632,0.498543755493,100.0
4.208249,-0.820296225385,-0.461344721429,0.0398835004395,1.96311191105,-0.074781563324,0.0743980681274,-0.0529223371216,0.0,0.08628641922,-1.00437391972,1.17426229178,1.94278666564,-0.667665137164,1.02738363151,0.498160260297,100.0
4.218368,-0.820679720581,-0.462495207019,0.0395000052429,1.96349540625,-0.074781563324,0.0740145729309,-0.0533058323181,0.0,0.0866699144165,-1.00475741492,1.17426229178,1.94278666564,-0.668048632361,1.02738363151,0.4977767651,100.0
4.228250,-0.820296225385,-0.462111711823,0.0391165100464,1.96349540625,-0.0751650585205,0.0740145729309,-0.0536893275146,0.0,0.087053409613,-1.00399042452,1.17464578698,1.94201967524,-0.667665137164,1.02623314592,0.4977767651,100.0
4.238242,-0.820679720581,-0.462111711823,0.0391165100464,1.96387890145,-0.0740145729309,0.074781563324,-0.0533058323181,0.0,0.0859029240234,-1.00437391972,1.17349530139,1.94240317044,-0.668048632361,1.02623314592,0.498160260297,100.0
4.248408,-0.820296225385,-0.462495207019,0.0391165100464,1.96311191105,-0.0740145729309,0.0751650585205,-0.0540728227112,0.0,0.0859029240234,-1.00475741492,1.17464578698,1.94201967524,-0.668048632361,1.02700013632,0.4977767651,100.0
4.258277,-0.821063215778,-0.462111711823,0.0391165100464,1.96387890145,-0.074781563324,0.0743980681274,-0.0533058323181,0.0,0.0874369048096,-1.00437391972,1.17426229178,1.94201967524,-0.667665137164,1.02700013632,0.497009774707,100.0
4.268268,-0.820679720581,-0.462495207019,0.0387330148499,1.96349540625,-0.074781563324,0.074781563324,-0.0536893275146,0.0,0.0866699144165,-1.00437391972,1.17464578698,1.94240317044,-0.668048632361,1.02623314592,0.4977767651,100.0
4.278291,-0.819529234991,-0.462111711823,0.0387330148499,1.96349540625,-0.0743980681274,0.074781563324,-0.0540728227112,0.0,0.0866699144165,-1.00437391972,1.17426229178,1.94201967524,-0.668815622754,1.02623314592,0.498543755493,100.0
4.288260,-0.820679720581,-0.462111711823,0.0391165100464,1.96349540625,-0.074781563324,0.0740145729309,-0.0536893275146,0.0,0.08628641922,-1.00437391972,1.17502928218,1.94240317044,-0.668048632361,1.02700013632,0.498160260297,100.0
4.298268,-0.820679720581,-0.462111711823,0.0395000052429,1.96426239664,-0.0743980681274,0.074781563324,-0.0536893275146,0.0,0.08628641922,-1.00437391972,1.17426229178,1.94201967524,-0.668048632361,1.02623314592,0.498543755493,100.0
4.308238,-0.820296225385,-0.462111711823,0.0391165100464,1.96426239664,-0.075548553717,0.0740145729309,-0.0533058323181,0.0,0.0866699144165,-1.00437391972,1.17502928218,1.94201967524,-0.668048632361,1.02623314592,0.498543755493,100.0
4.318227,-0.820296225385,-0.462111711823,0.0395000052429,1.96387890145,-0.0751650585205,0.0743980681274,-0.0540728227112,0.0,0.08628641922,-1.00475741492,1.17464578698,1.94278666564,-0.668048632361,1.02700013632,0.497393269904,100.0
4.328208,-0.821063215778,-0.460961226233,0.0395000052429,1.96349540625,-0.0736310777344,0.074781563324,-0.0536893275146,0.0,0.08628641922,-1.00514091011,1.17464578698,1.94240317044,-0.667665137164,1.02623314592,0.498160260297,100.0
4.338234,-0.820679720581,-0.461344721429,0.0387330148499,1.96272841586,-0.074781563324,0.0743980681274,-0.0533058323181,0.0,0.0866699144165,-1.00437391972,1.17387879659,1.94163618005,-0.668815622754,1.02623314592,0.4977767651,100.0
4.348216,-0.820296225385,-0.461728216626,0.0391165100464,1.96311191105,-0.074781563324,0.0743980681274,-0.0533058323181,0.0,0.087053409613,-1.00475741492,1.17502928218,1.94163618005,-0.668432127557,1.02700013632,0.497393269904,100.0
4.358240,-0.820679720581,-0.462495207019,0.0391165100464,1.96387890145,-0.074781563324,0.074781563324,-0.0533058323181,0.0,0.08628641922,-1.00437391972,1.17502928218,1.94201967524,-0.667665137164,1.02700013632,0.498543755493,100.0
4.368220,-0.820296225385,-0.462878702216,0.0391165100464,1.96349540625,-0.0743980681274,0.0740145729309,-0.0540728227112,0.0,0.0866699144165,-1.00475741492,1.17426229178,1.94240317044,-0.668048632361,1.02623314592,0.498160260297,100.0
4.378252,-0.820679720581,-0.462111711823,0.0395000052429,1.96311191105,-0.0743980681274,0.074781563324,-0.0536893275146,0.0,0.087053409613,-1.00475741492,1.17502928218,1.94317016083,-0.668432127557,1.02738363151,0.498543755493,100.0
4.388246,-0.820679720581,-0.461728216626,0.0391165100464,1.96349540625,-0.074781563324,0.0743980681274,-0.0540728227112,0.0,0.08628641922,-1.00437391972,1.17464578698,1.94240317044,-0.667281641968,1.02700013632,0.498160260297,100.0
4.398251,-0.820679720581,-0.462495207019,0.0395000052429,1.96272841586,-0.0751650585205,0.074781563324,-0.0536893275146,0.0,0.087053409613,-1.00437391972,1.17387879659,1.94201967524,-0.667665137164,1.02738363151,0.498543755493,100.0
4.408245,-0.820679720581,-0.461728216626,0.0387330148499,1.96311191105,-0.0743980681274,0.0736310777344,-0.0533058323181,0.0,0.08628641922,-1.00399042452,1.17464578698,1.94163618005,-0.667281641968,1.02623314592,0.498543755493,100.0
4.418272,-0.820296225385,-0.462495207019,0.0395000052429,1.96387890145,-0.0740145729309,0.074781563324,-0.0529223371216,0.0,0.0866699144165,-1.00514091011,1.17464578698,1.94240317044,-0.668815622754,1.02700013632,0.498160260297,100.0
4.428214,-0.820679720581,-0.462111711823,0.0395000052429,1.96311191105,-0.075548553717,0.0743980681274,-0.0540728227112,0.0,0.08628641922,-1.00437391972,1.17464578698,1.94240317044,-0.668432127557,1.02738363151,0.4977767651,100.0
4.438225,-0.820679720581,-0.462495207019,0.0391165100464,1.96311191105,-0.074781563324,0.074781563324,-0.0540728227112,0.0,0.0866699144165,-1.00475741492,1.17387879659,1.94278666564,-0.667281641968,1.02623314592,0.498160260297,100.0
4.448267,-0.820679720581,-0.462495207019,0.040266995636,1.96311191105,-0.074781563324,0.0743980681274,-0.0536893275146,0.0,0.0866699144165,-1.00399042452,1.17502928218,1.94240317044,-0.668432127557,1.02584965073,0.497393269904,100.0
4.458292,-0.820296225385,-0.462111711823,0.0395000052429,1.96349540625,-0.074781563324,0.0743980681274,-0.0540728227112,0.0,0.0866699144165,-1.00399042452,1.17426229178,1.94240317044,-0.668432127557,1.02623314592,0.498543755493,100.0
4.468236,-0.820679720581,-0.462495207019,0.0395000052429,1.96311191105,-0.074781563324,0.0740145729309,-0.0536893275146,0.0,0.0866699144165,-1.00475741492,1.17464578698,1.94240317044,-0.667281641968,1.02738363151,0.4977767651,100.0
4.478255,-0.820679720581,-0.462495207019,0.0391165100464,1.96349540625,-0.074781563324,0.0743980681274,-0.0529223371216,0.0,0.0866699144165,-1.00514091011,1.17464578698,1.94240317044,-0.667665137164,1.02623314592,0.497393269904,100.0
4.488248,-0.820679720581,-0.462111711823,0.0395000052429,1.96349540625,-0.0751650585205,0.074781563324,-0.0536893275146,0.0,0.08628641922,-1.00399042452,1.17426229178,1.94240317044,-0.667665137164,1.02700013632,0.4977767651,100.0
4.498256,-0.820679720581,-0.462495207019,0.0398835004395,1.96311191105,-0.0743980681274,0.0751650585205,-0.0540728227112,0.0,0.08628641922,-1.00437391972,1.17426229178,1.94201967524,-0.667665137164,1.02700013632,0.4977767651,100.0
4.508220,-0.820296225385,-0.462495207019,0.0387330148499,1.96311191105,-0.0759320489136,0.0740145729309,-0.0536893275146,0.0,0.08628641922,-1.00437391972,1.17464578698,1.94201967524,-0.668048632361,1.02584965073,0.498160260297,100.0
4.518231,-0.821063215778,-0.462495207019,0.0391165100464,1.96426239664,-0.0743980681274,0.0743980681274,-0.0536893275146,0.0,0.0859029240234,-1.00475741492,1.17464578698,1.94240317044,-0.668432127557,1.02546615553,0.4977767651,100.0
4.528222,-0.819912730188,-0.462495207019,0.0387330148499,1.96311191105,-0.074781563324,0.0736310777344,-0.0540728227112,0.0,0.08628641922,-1.00475741492,1.17387879659,1.94201967524,-0.668432127557,1.02738363151,0.498160260297,100.0
4.538231,-0.820296225385,-0.462111711823,0.0395000052429,1.96349540625,-0.0751650585205,0.074781563324,-0.0533058323181,0.0,0.08628641922,-1.00437391972,1.17464578698,1.94163618005,-0.667281641968,1.02623314592,0.498543755493,100.0
4.548224,-0.821063215778,-0.461728216626,0.0387330148499,1.96311191105,-0.074781563324,0.074781563324,-0.0540728227112,0.0,0.0859029240234,-1.00437391972,1.17502928218,1.94355365603,-0.668048632361,1.02623314592,0.498160260297,100.0
4.558258,-0.820679720581,-0.462111711823,0.0391165100464,1.96349540625,-0.074781563324,0.074781563324,-0.0540728227112,0.0,0.087053409613,-1.00437391972,1.17502928218,1.94278666564,-0.667281641968,1.02700013632,0.4977767651,100.0
4.568266,-0.820679720581,-0.461728216626,0.0398835004395,1.96387890145,-0.0743980681274,0.074781563324,-0.0540728227112,0.0,0.0859029240234,-1.00475741492,1.17464578698,1.94240317044,-0.668432127557,1.02700013632,0.498160260297,100.0
4.578223,-0.820679720581,-0.462495207019,0.0398835004395,1.96349540625,-0.0743980681274,0.0743980681274,-0.0536893275146,0.0,0.0866699144165,-1.00437391972,1.17349530139,1.94240317044,-0.668048632361,1.02738363151,0.498160260297,100.0
4.588202,-0.819912730188,-0.460961226233,0.0391165100464,1.96349540625,-0.0751650585205,0.0743980681274,-0.0533058323181,0.0,0.08628641922,-1.00514091011,1.17464578698,1.94278666564,-0.667665137164,1.02738363151,0.4977767651,100.0
4.598178,-0.820679720581,-0.461728216626,0.040266995636,1.96349540625,-0.074781563324,0.074781563324,-0.0533058323181,0.0,0.0866699144165,-1.00514091011,1.17426229178,1.94278666564,-0.667665137164,1.02738363151,0.4977767651,100.0
4.608174,-0.820296225385,-0.462495207019,0.040266995636,1.96349540625,-0.0743980681274,0.074781563324,-0.0533058323181,0.0,0.0859029240234,-1.00437391972,1.17464578698,1.94201967524,-0.668048632361,1.02623314592,0.49892725069,100.0
4.618253,-0.821063215778,-0.461728216626,0.0387330148499,1.96349540625,-0.074781563324,0.074781563324,-0.0540728227112,0.0,0.0859029240234,-1.00514091011,1.17426229178,1.94201967524,-0.667665137164,1.02623314592,0.498160260297,100.0
4.628215,-0.820679720581,-0.462878702216,0.0387330148499,1.96311191105,-0.074781563324,0.0743980681274,-0.0536893275146,0.0,0.0859029240234,-1.00437391972,1.17502928218,1.94163618005,-0.668432127557,1.02623314592,0.498543755493,100.0
4.638256,-0.820296225385,-0.461728216626,0.0395000052429,1.96426239664,-0.074781563324,0.0736310777344,-0.0533058323181,0.0,0.0859029240234,-1.00475741492,1.17464578698,1.94240317044,-0.667281641968,1.02623314592,0.498160260297,100.0
4.648220,-0.820296225385,-0.461344721429,0.0387330148499,1.96311191105,-0.074781563324,0.0743980681274,-0.0540728227112,0.0,0.0859029240234,-1.00437391972,1.17387879659,1.94240317044,-0.667665137164,1.02738363151,0.4977767651,100.0
4.658224,-0.819912730188,-0.462495207019,0.0391165100464,1.96387890145,-0.074781563324,0.0740145729309,-0.0533058323181,0.0,0.087053409613,-1.00437391972,1.17464578698,1.94278666564,-0.667665137164,1.02700013632,0.498543755493,100.0
4.668236,-0.820296225385,-0.461728216626,0.0387330148499,1.96349540625,-0.074781563324,0.0759320489136,-0.0533058323181,0.0,0.08628641922,-1.00399042452,1.17387879659,1.94201967524,-0.668048632361,1.02623314592,0.498160260297,100.0
4.678266,-0.820296225385,-0.462111711823,0.0395000052429,1.96349540625,-0.0743980681274,0.0740145729309,-0.0540728227112,0.0,0.0859029240234,-1.00514091011,1.17464578698,1.94201967524,-0.667665137164,1.02623314592,0.4977767651,100.0
4.688216,-0.820296225385,-0.461728216626,0.0395000052429,1.96311191105,-0.0751650585205,0.0740145729309,-0.0536893275146,0.0,0.0859029240234,-1.00437391972,1.17464578698,1.94240317044,-0.668048632361,1.02623314592,0.4977767651,100.0
4.698213,-0.820296225385,-0.462111711823,0.0387330148499,1.96349540625,-0.0743980681274,0.0743980681274,-0.0540728227112,0.0,0.0866699144165,-1.00437391972,1.17426229178,1.94201967524,-0.668048632361,1.02546615553,0.498160260297,100.0
4.708259,-0.821063215778,-0.461728216626,0.0391165100464,1.96311191105,-0.0751650585205,0.0743980681274,-0.0544563179077,0.0,0.0866699144165,-1.00437391972,1.17464578698,1.94278666564,-0.668432127557,1.02623314592,0.4977767651,100.0
4.718269,-0.820679720581,-0.462878702216,0.0395000052429,1.96349540625,-0.0743980681274,0.0740145729309,-0.0540728227112,0.0,0.087053409613,-1.00399042452,1.17464578698,1.94278666564,-0.668432127557,1.02623314592,0.498160260297,100.0
4.728260,-0.820679720581,-0.462495207019,0.0395000052429,1.96272841586,-0.074781563324,0.0743980681274,-0.0536893275146,0.0,0.087053409613,-1.00475741492,1.17464578698,1.94201967524,-0.668432127557,1.02700013632,0.498543755493,100.0
4.738270,-0.819912730188,-0.462878702216,0.0387330148499,1.96311191105,-0.075548553717,0.0740145729309,-0.0533058323181,0.0,0.0866699144165,-1.00475741492,1.17426229178,1.94240317044,-0.667665137164,1.02700013632,0.498160260297,100.0
4.748222,-0.821063215778,-0.462495207019,0.0387330148499,1.96349540625,-0.0743980681274,0.0743980681274,-0.0529223371216,0.0,0.087053409613,-1.00437391972,1.17464578698,1.94240317044,-0.668432127557,1.02700013632,0.497393269904,100.0
4.758268,-0.820296225385,-0.462111711823,0.0391165100464,1.96349540625,-0.0740145729309,0.074781563324,-0.0540728227112,0.0,0.087053409613,-1.00475741492,1.17426229178,1.94201967524,-0.668048632361,1.02738363151,0.497393269904,100.0
4.768208,-0.820296225385,-0.462878702216,0.0398835004395,1.96311191105,-0.074781563324,0.0751650585205,-0.0536893275146,0.0,0.087053409613,-1.00437391972,1.17464578698,1.94240317044,-0.667665137164,1.02623314592,0.498543755493,100.0
4.778272,-0.820679720581,-0.462495207019,0.0395000052429,1.96311191105,-0.0751650585205,0.0740145729309,-0.0540728227112,0.0,0.0874369048096,-1.00475741492,1.17426229178,1.94240317044,-0.667665137164,1.02623314592,0.497009774707,100.0
4.788241,-0.819912730188,-0.461728216626,0.0395000052429,1.96349540625,-0.075548553717,0.0743980681274,-0.0529223371216,0.0,0.08628641922,-1.00514091011,1.17502928218,1.94240317044,-0.668432127557,1.02700013632,0.4977767651,100.0
4.798215,-0.820296225385,-0.462495207019,0.0391165100464,1.96349540625,-0.0743980681274,0.0740145729309,-0.0536893275146,0.0,0.0866699144165,-1.00475741492,1.17464578698,1.94240317044,-0.668048632361,1.02623314592,0.4977767651,100.0
4.808219,-0.820296225385,-0.462111711823,0.0395000052429,1.96387890145,-0.0743980681274,0.0743980681274,-0.0533058323181,0.0,0.0859029240234,-1.00437391972,1.17464578698,1.94317016083,-0.668048632361,1.02700013632,0.498160260297,100.0
4.818229,-0.819912730188,-0.460961226233,0.0391165100464,1.96349540625,-0.074781563324,0.0751650585205,-0.0529223371216,0.0,0.08628641922,-1.00475741492,1.17464578698,1.94240317044,-0.668048632361,1.02700013632,0.498160260297,100.0
4.828232,-0.820679720581,-0.462111711823,0.0391165100464,1.96272841586,-0.074781563324,0.0751650585205,-0.0540728227112,0.0,0.08628641922,-1.00437391972,1.17426229178,1.94278666564,-0.668815622754,1.02700013632,0.498543755493,100.0
4.838243,-0.821446710974,-0.461344721429,0.0391165100464,1.96349540625,-0.0743980681274,0.0743980681274,-0.0533058323181,0.0,0.0859029240234,-1.00475741492,1.17464578698,1.94240317044,-0.668048632361,1.02700013632,0.498160260297,100.0
4.848259,-0.820679720581,-0.462111711823,0.0391165100464,1.96387890145,-0.0751650585205,0.0751650585205,-0.0536893275146,0.0,0.0866699144165,-1.00475741492,1.17464578698,1.94163618005,-0.66919911795,1.02776712671,0.4977767651,100.0
4.858244,-0.820679720581,-0.462878702216,0.0398835004395,1.96311191105,-0.0743980681274,0.0743980681274,-0.0533058323181,0.0,0.087053409613,-1.00399042452,1.17426229178,1.94240317044,-0.668048632361,1.02738363151,0.497393269904,100.0
4.868262,-0.821063215778,-0.461728216626,0.0391165100464,1.96349540625,-0.075548553717,0.0736310777344,-0.0533058323181,0.0,0.08628641922,-1.00475741492,1.17426229178,1.94240317044,-0.668432127557,1.02623314592,0.498160260297,100.0
4.878266,-0.821063215778,-0.461728216626,0.0391165100464,1.96349540625,-0.074781563324,0.0751650585205,-0.0533058323181,0.0,0.087053409613,-1.00475741492,1.17464578698,1.94240317044,-0.667665137164,1.02584965073,0.4977767651,100.0
4.888253,-0.820679720581,-0.462495207019,0.0383495196533,1.96311191105,-0.0743980681274,0.0743980681274,-0.0533058323181,0.0,0.0874369048096,-1.00399042452,1.17426229178,1.94278666564,-0.668432127557,1.02738363151,0.4977767651,100.0
4.898256,-0.820679720581,-0.461728216626,0.0391165100464,1.96349540625,-0.075548553717,0.0740145729309,-0.0540728227112,0.0,0.087053409613,-1.00437391972,1.17502928218,1.94201967524,-0.667281641968,1.02623314592,0.4977767651,100.0
4.908230,-0.820679720581,-0.462111711823,0.0383495196533,1.96349540625,-0.075548553717,0.0743980681274,-0.0540728227112,0.0,0.0859029240234,-1.00475741492,1.17387879659,1.94278666564,-0.668815622754,1.02700013632,0.498160260297,100.0
4.918212,-0.821063215778,-0.462878702216,0.0398835004395,1.96311191105,-0.074781563324,0.0740145729309,-0.0536893275146,0.0,0.0866699144165,-1.00437391972,1.17464578698,1.94240317044,-0.668432127557,1.02623314592,0.497393269904,100.0
4.928266,-0.821446710974,-0.462111711823,0.0406504908325,1.96349540625,-0.0751650585205,0.074781563324,-0.0536893275146,0.0,0.0866699144165,-1.00552440531,1.17387879659,1.94240317044,-0.668432127557,1.02700013632,0.4977767651,100.0
4.938280,-0.820679720581,-0.461728216626,0.0395000052429,1.96311191105,-0.0751650585205,0.0740145729309,-0.0529223371216,0.0,0.0866699144165,-1.00437391972,1.17426229178,1.94278666564,-0.668048632361,1.02700013632,0.4977767651,100.0
4.948237,-0.821446710974,-0.462495207019,0.0391165100464,1.96387890145,-0.0751650585205,0.0740145729309,-0.0540728227112,0.0,0.0859029240234,-1.00399042452,1.17464578698,1.94240317044,-0.667665137164,1.02584965073,0.497393269904,100.0
4.958261,-0.819912730188,-0.461344721429,0.0398835004395,1.96349540625,-0.0740145729309,0.0740145729309,-0.0533058323181,0.0,0.0874369048096,-1.00437391972,1.17387879659,1.94201967524,-0.668048632361,1.02700013632,0.497393269904,100.0
4.968268,-0.820679720581,-0.462111711823,0.0391165100464,1.96349540625,-0.074781563324,0.0736310777344,-0.0533058323181,0.0,0.08628641922,-1.00475741492,1.17464578698,1.94278666564,-0.668048632361,1.02700013632,0.4977767651,100.0
4.978266,-0.820679720581,-0.462495207019,0.0391165100464,1.96311191105,-0.074781563324,0.0743980681274,-0.0533058323181,0.0,0.0866699144165,-1.00475741492,1.17426229178,1.94240317044,-0.667281641968,1.02700013632,0.498160260297,100.0
4.988248,-0.821063215778,-0.462495207019,0.0383495196533,1.96272841586,-0.0743980681274,0.0743980681274,-0.0536893275146,0.0,0.0859029240234,-1.00475741492,1.17464578698,1.94163618005,-0.668432127557,1.02700013632,0.498160260297,100.0
4.998224,-0.819912730188,-0.462111711823,0.0387330148499,1.96387890145,-0.0743980681274,0.074781563324,-0.0533058323181,0.0,0.08628641922,-1.00475741492,1.17502928218,1.94201967524,-0.668048632361,1.02700013632,0.4977767651,100.0
5.008226,-0.820296225385,-0.461728216626,0.0391165100464,1.96349540625,-0.0751650585205,0.0743980681274,-0.0540728227112,0.0,0.08628641922,-1.00475741492,1.17426229178,1.94240317044,-0.667665137164,1.02623314592,0.498160260297,100.0
5.018215,-0.820679720581,-0.462111711823,0.0395000052429,1.96311191105,-0.074781563324,0.074781563324,-0.0536893275146,0.0,0.08628641922,-1.00475741492,1.17464578698,1.94240317044,-0.667665137164,1.02584965073,0.498160260297,100.0
5.028222,-0.820679720581,-0.461728216626,0.0391165100464,1.96311191105,-0.075548553717,0.0743980681274,-0.0536893275146,0.0,0.0866699144165,-1.00399042452,1.17464578698,1.94317016083,-0.668048632361,1.02623314592,0.498160260297,100.0
5.038229,-0.820679720581,-0.462495207019,0.0391165100464,1.96272841586,-0.0743980681274,0.0751650585205,-0.0540728227112,0.0,0.0866699144165,-1.00360692933,1.17426229178,1.94240317044,-0.667665137164,1.02623314592,0.498160260297,100.0
5.048228,-0.820296225385,-0.462111711823,0.0398835004395,1.96349540625,-0.0743980681274,0.0743980681274,-0.0533058323181,0.0,0.0866699144165,-1.00399042452,1.17464578698,1.94278666564,-0.668048632361,1.02700013632,0.4977767651,100.0
5.058246,-0.821063215778,-0.462111711823,0.0398835004395,1.96349540625,-0.074781563324,0.0743980681274,-0.0540728227112,0.0,0.0866699144165,-1.00399042452,1.17387879659,1.94240317044,-0.668432127557,1.02700013632,0.498160260297,100.0
5.068216,-0.820679720581,-0.462111711823,0.0391165100464,1.96387890145,-0.0743980681274,0.0751650585205,-0.0533058323181,0.0,0.0859029240234,-1.00437391972,1.17502928218,1.94278666564,-0.667281641968,1.02623314592,0.497393269904,100.0
5.078225,-0.821063215778,-0.461728216626,0.0395000052429,1.96387890145,-0.0743980681274,0.074781563324,-0.0540728227112,0.0,0.0859029240234,-1.00399042452,1.17426229178,1.94240317044,-0.668048632361,1.02700013632,0.498160260297,100.0
5.088239,-0.820679720581,-0.462111711823,0.0395000052429,1.96311191105,-0.074781563324,0.0743980681274,-0.0540728227112,0.0,0.08628641922,-1.00399042452,1.17464578698,1.94278666564,-0.667665137164,1.02623314592,0.498160260297,100.0
5.098287,-0.821063215778,-0.461728216626,0.0387330148499,1.96349540625,-0.0743980681274,0.0751650585205,-0.0533058323181,0.0,0.0866699144165,-1.00514091011,1.17426229178,1.94163618005,-0.668048632361,1.02623314592,0.498160260297,100.0
5.108323,-0.820296225385,-0.461728216626,0.0395000052429,1.96311191105,-0.0743980681274,0.0751650585205,-0.0533058323181,0.0,0.0859029240234,-1.00437391972,1.17387879659,1.94201967524,-0.668432127557,1.02700013632,0.4977767651,100.0
5.118263,-0.819912730188,-0.461728216626,0.0395000052429,1.96311191105,-0.0751650585205,0.0740145729309,-0.0533058323181,0.0,0.0859029240234,-1.00475741492,1.17387879659,1.94201967524,-0.668048632361,1.02623314592,0.498543755493,100.0
5.128257,-0.820296225385,-0.462495207019,0.040266995636,1.96349540625,-0.074781563324,0.0740145729309,-0.0540728227112,0.0,0.08628641922,-1.00475741492,1.17387879659,1.94278666564,-0.667665137164,1.02623314592,0.498543755493,100.0
5.138239,-0.821063215778,-0.462495207019,0.0391165100464,1.96272841586,-0.0751650585205,0.0751650585205,-0.0540728227112,0.0,0.08628641922,-1.00437391972,1.17387879659,1.94201967524,-0.668432127557,1.02738363151,0.4977767651,100.0
5.148248,-0.820679720581,-0.462111711823,0.0398835004395,1.96311191105,-0.0751650585205,0.0743980681274,-0.0540728227112,0.0,0.0866699144165,-1.00437391972,1.17387879659,1.94201967524,-0.668048632361,1.02700013632,0.498543755493,100.0
5.158241,-0.819912730188,-0.462878702216,0.0395000052429,1.96272841586,-0.0743980681274,0.074781563324,-0.0536893275146,0.0,0.0866699144165,-1.00437391972,1.17426229178,1.94240317044,-0.667281641968,1.02700013632,0.498160260297,100.0
5.168266,-0.820679720581,-0.461728216626,0.0395000052429,1.96349540625,-0.0743980681274,0.0743980681274,-0.0540728227112,0.0,0.0866699144165,-1.00475741492,1.17426229178,1.94201967524,-0.668432127557,1.02584965073,0.498160260297,100.0
5.178222,-0.820296225385,-0.461728216626,0.0387330148499,1.96311191105,-0.0751650585205,0.0743980681274,-0.0540728227112,0.0,0.0859029240234,-1.00437391972,1.17502928218,1.94163618005,-0.668048632361,1.02700013632,0.4977767651,100.0
5.188222,-0.820296225385,-0.461344721429,0.0391165100464,1.96387890145,-0.0743980681274,0.0743980681274,-0.0536893275146,0.0,0.0866699144165,-1.00475741492,1.17464578698,1.94278666564,-0.667665137164,1.02738363151,0.498543755493,100.0
5.198246,-0.820296225385,-0.461344721429,0.0387330148499,1.96311191105,-0.0751650585205,0.0740145729309,-0.0533058323181,0.0,0.087053409613,-1.00437391972,1.17502928218,1.94201967524,-0.668048632361,1.02623314592,0.498543755493,100.0
5.208233,-0.821063215778,-0.462111711823,0.0391165100464,1.96272841586,-0.074781563324,0.0740145729309,-0.0529223371216,0.0,0.0866699144165,-1.00475741492,1.17426229178,1.94240317044,-0.667665137164,1.02700013632,0.498543755493,100.0
5.218215,-0.820296225385,-0.462111711823,0.0398835004395,1.96311191105,-0.074781563324,0.0751650585205,-0.0536893275146,0.0,0.0859029240234,-1.00552440531,1.17464578698,1.94278666564,-0.668048632361,1.02584965073,0.498160260297,100.0
5.228208,-0.820296225385,-0.462111711823,0.0387330148499,1.96349540625,-0.074781563324,0.075548553717,-0.0536893275146,0.0,0.087053409613,-1.00399042452,1.17464578698,1.94240317044,-0.667281641968,1.02738363151,0.498160260297,100.0
5.238226,-0.821063215778,-0.462495207019,0.0391165100464,1.96311191105,-0.0751650585205,0.0743980681274,-0.0536893275146,0.0,0.08628641922,-1.00514091011,1.17464578698,1.94240317044,-0.668432127557,1.02623314592,0.4977767651,100.0
5.248236,-0.820296225385,-0.462495207019,0.0398835004395,1.96311191105,-0.0751650585205,0.0751650585205,-0.0540728227112,0.0,0.08628641922,-1.00514091011,1.17426229178,1.94201967524,-0.668432127557,1.02623314592,0.498160260297,100.0
5.258270,-0.820296225385,-0.462111711823,0.0391165100464,1.96272841586,-0.074781563324,0.0751650585205,-0.0536893275146,0.0,0.0866699144165,-1.00399042452,1.17502928218,1.94278666564,-0.667665137164,1.02700013632,0.498543755493,100.0
5.268196,-0.820296225385,-0.462495207019,0.0391165100464,1.96272841586,-0.0751650585205,0.0743980681274,-0.0536893275146,0.0,0.0866699144165,-1.00475741492,1.17387879659,1.94317016083,-0.667281641968,1.02623314592,0.498160260297,100.0
5.278205,-0.820679720581,-0.461728216626,0.0398835004395,1.96387890145,-0.0751650585205,0.0743980681274,-0.0533058323181,0.0,0.08628641922,-1.00475741492,1.17464578698,1.94278666564,-0.668048632361,1.02623314592,0.4977767651,100.0
5.288232,-0.819912730188,-0.462495207019,0.0398835004395,1.96311191105,-0.074781563324,0.0736310777344,-0.0533058323181,0.0,0.0866699144165,-1.00399042452,1.17426229178,1.94240317044,-0.668048632361,1.02700013632,0.498160260297,100.0
5.298272,-0.820296225385,-0.462111711823,0.0387330148499,1.96234492066,-0.0740145729309,0.0740145729309,-0.0533058323181,0.0,0.08628641922,-1.00475741492,1.17502928218,1.94201967524,-0.668048632361,1.02700013632,0.4977767651,100.0
5.308238,-0.820679720581,-0.462495207019,0.0391165100464,1.96311191105,-0.074781563324,0.074781563324,-0.0536893275146,0.0,0.0851359336304,-1.00399042452,1.17464578698,1.94201967524,-0.668048632361,1.02700013632,0.498160260297,100.0
5.318236,-0.820296225385,-0.462111711823,0.0391165100464,1.96311191105,-0.074781563324,0.074781563324,-0.0536893275146,0.0,0.0866699144165,-1.00475741492,1.17387879659,1.94201967524,-0.668048632361,1.02623314592,0.498160260297,100.0
5.328237,-0.820296225385,-0.462878702216,0.0391165100464,1.96272841586,-0.0740145729309,0.0740145729309,-0.0536893275146,0.0,0.0866699144165,-1.00475741492,1.17426229178,1.94201967524,-0.668048632361,1.02700013632,0.497393269904,100.0
5.338233,-0.820679720581,-0.462111711823,0.040266995636,1.96349540625,-0.074781563324,0.0740145729309,-0.0536893275146,0.0,0.0859029240234,-1.00475741492,1.17502928218,1.94201967524,-0.668048632361,1.02738363151,0.4977767651,100.0
5.348214,-0.820679720581,-0.462495207019,0.0395000052429,1.96272841586,-0.0743980681274,0.0740145729309,-0.0533058323181,0.0,0.0866699144165,-1.00514091011,1.17426229178,1.94278666564,-0.668815622754,1.02700013632,0.4977767651,100.0
5.358210,-0.820679720581,-0.461728216626,0.0406504908325,1.96349540625,-0.074781563324,0.0740145729309,-0.0533058323181,0.0,0.0866699144165,-1.00360692933,1.17464578698,1.94201967524,-0.668048632361,1.02623314592,0.498160260297,100.0
5.368221,-0.820679720581,-0.462111711823,0.0395000052429,1.96349540625,-0.074781563324,0.0743980681274,-0.0536893275146,0.0,0.0866699144165,-1.00475741492,1.17426229178,1.94201967524,-0.668432127557,1.02623314592,0.497393269904,100.0
5.378234,-0.819912730188,-0.462111711823,0.0391165100464,1.96311191105,-0.074781563324,0.0740145729309,-0.0536893275146,0.0,0.0866699144165,-1.00437391972,1.17426229178,1.94240317044,-0.668048632361,1.02623314592,0.4977767651,100.0
5.388267,-0.820679720581,-0.461728216626,0.0391165100464,1.96272841586,-0.074781563324,0.0743980681274,-0.0536893275146,0.0,0.0859029240234,-1.00437391972,1.17464578698,1.94240317044,-0.667665137164,1.02700013632,0.498160260297,100.0
5.398370,-0.821063215778,-0.461344721429,0.0387330148499,1.96234492066,-0.0743980681274,0.0740145729309,-0.0540728227112,0.0,0.08628641922,-1.00475741492,1.17502928218,1.94240317044,-0.668815622754,1.02700013632,0.498160260297,100.0
5.408231,-0.820296225385,-0.462878702216,0.0387330148499,1.96234492066,-0.0743980681274,0.0743980681274,-0.0533058323181,0.0,0.0866699144165,-1.00475741492,1.17464578698,1.94240317044,-0.668815622754,1.02700013632,0.4977767651,100.0
5.418213,-0.820679720581,-0.462111711823,0.0395000052429,1.96311191105,-0.0751650585205,0.0736310777344,-0.0536893275146,0.0,0.0859029240234,-1.00437391972,1.17464578698,1.94317016083,-0.668048632361,1.02623314592,0.49892725069,100.0
5.428206,-0.821063215778,-0.460961226233,0.0398835004395,1.96311191105,-0.074781563324,0.0751650585205,-0.0529223371216,0.0,0.087053409613,-1.00475741492,1.17426229178,1.94240317044,-0.668048632361,1.02700013632,0.4977767651,100.0
5.438267,-0.820296225385,-0.460577731036,0.040266995636,1.96387890145,-0.074781563324,0.0743980681274,-0.0533058323181,0.0,0.0866699144165,-1.00399042452,1.17502928218,1.94240317044,-0.668048632361,1.02700013632,0.497393269904,100.0
5.448236,-0.819912730188,-0.460961226233,0.0398835004395,1.96311191105,-0.0751650585205,0.074781563324,-0.0536893275146,0.0,0.087053409613,-1.00437391972,1.17464578698,1.94240317044,-0.668048632361,1.02738363151,0.4977767651,100.0
5.458182,-0.820296225385,-0.462111711823,0.0387330148499,1.96272841586,-0.0751650585205,0.074781563324,-0.0536893275146,0.0,0.08628641922,-1.00475741492,1.17502928218,1.94240317044,-0.668048632361,1.02700013632,0.4977767651,100.0
5.468221,-0.820679720581,-0.462495207019,0.0391165100464,1.96349540625,-0.075548553717,0.0743980681274,-0.0536893275146,0.0,0.08628641922,-1.00360692933,1.17464578698,1.94240317044,-0.667665137164,1.02584965073,0.4977767651,100.0
5.478259,-0.820296225385,-0.462495207019,0.0398835004395,1.96349540625,-0.074781563324,0.074781563324,-0.0536893275146,0.0,0.0859029240234,-1.00437391972,1.17426229178,1.94163618005,-0.667281641968,1.02700013632,0.4977767651,100.0
5.488241,-0.820296225385,-0.461728216626,0.0406504908325,1.96311191105,-0.074781563324,0.0740145729309,-0.0536893275146,0.0,0.0866699144165,-1.00475741492,1.17464578698,1.94240317044,-0.668432127557,1.02738363151,0.498160260297,100.0
5.498205,-0.820679720581,-0.461728216626,0.0391165100464,1.96311191105,-0.0751650585205,0.0740145729309,-0.0536893275146,0.0,0.0866699144165,-1.00475741492,1.17464578698,1.94201967524,-0.667665137164,1.02738363151,0.498160260297,100.0
5.508194,-0.820679720581,-0.461728216626,0.0387330148499,1.96311191105,-0.0751650585205,0.0751650585205,-0.0536893275146,0.0,0.08628641922,-1.00437391972,1.17426229178,1.94278666564,-0.668048632361,1.02700013632,0.4977767651,100.0
5.518177,-0.820679720581,-0.462111711823,0.0383495196533,1.96311191105,-0.0743980681274,0.0751650585205,-0.0540728227112,0.0,0.0859029240234,-1.00475741492,1.17426229178,1.94240317044,-0.667281641968,1.02700013632,0.498160260297,100.0
5.528206,-0.819529234991,-0.461728216626,0.0395000052429,1.96272841586,-0.074781563324,0.0743980681274,-0.0533058323181,0.0,0.0855194288269,-1.00475741492,1.17464578698,1.94240317044,-0.668048632361,1.02623314592,0.4977767651,100.0
5.538234,-0.820679720581,-0.462495207019,0.0395000052429,1.96272841586,-0.074781563324,0.0740145729309,-0.0536893275146,0.0,0.08628641922,-1.00475741492,1.17502928218,1.94240317044,-0.668048632361,1.02623314592,0.498160260297,100.0
5.548212,-0.820679720581,-0.462111711823,0.0395000052429,1.96311191105,-0.074781563324,0.0740145729309,-0.0536893275146,0.0,0.08628641922,-1.00437391972,1.17464578698,1.94240317044,-0.667665137164,1.02700013632,0.497393269904,100.0
5.558256,-0.821063215778,-0.461728216626,0.0395000052429,1.96349540625,-0.0751650585205,0.0740145729309,-0.0540728227112,0.0,0.08628641922,-1.00475741492,1.17464578698,1.94240317044,-0.667665137164,1.02738363151,0.497393269904,100.0
5.568212,-0.820296225385,-0.461344721429,0.0379660244568,1.96311191105,-0.0740145729309,0.074781563324,-0.0536893275146,0.0,0.08628641922,-1.00399042452,1.17502928218,1.94278666564,-0.668815622754,1.02584965073,0.4977767651,100.0
5.578235,-0.820679720581,-0.461344721429,0.0395000052429,1.96387890145,-0.074781563324,0.0743980681274,-0.0529223371216,0.0,0.0866699144165,-1.00437391972,1.17426229178,1.94278666564,-0.668815622754,1.02700013632,0.498160260297,100.0
5.588242,-0.820679720581,-0.462111711823,0.0391165100464,1.96349540625,-0.0751650585205,0.0743980681274,-0.0536893275146,0.0,0.08628641922,-1.00399042452,1.17464578698,1.94240317044,-0.668815622754,1.02738363151,0.4977767651,100.0
5.598255,-0.819912730188,-0.461344721429,0.0395000052429,1.96272841586,-0.0751650585205,0.0743980681274,-0.0540728227112,0.0,0.08628641922,-1.00437391972,1.17426229178,1.94240317044,-0.668432127557,1.02738363151,0.498160260297,100.0
5.608245,-0.820296225385,-0.462111711823,0.0391165100464,1.96311191105,-0.0751650585205,0.0736310777344,-0.0533058323181,0.0,0.0866699144165,-1.00475741492,1.17426229178,1.94163618005,-0.668048632361,1.02623314592,0.4977767651,100.0
5.618254,-0.821063215778,-0.461728216626,0.0398835004395,1.96311191105,-0.075548553717,0.0743980681274,-0.0540728227112,0.0,0.08628641922,-1.00475741492,1.17426229178,1.94317016083,-0.668048632361,1.02584965073,0.4977767651,100.0
5.628239,-0.820296225385,-0.462495207019,0.0387330148499,1.96272841586,-0.074781563324,0.0740145729309,-0.0533058323181,0.0,0.0866699144165,-1.00437391972,1.17464578698,1.94278666564,-0.667281641968,1.02738363151,0.497393269904,100.0
5.638239,-0.821063215778,-0.462495207019,0.0395000052429,1.96311191105,-0.0743980681274,0.0743980681274,-0.0533058323181,0.0,0.08628641922,-1.00437391972,1.17426229178,1.94317016083,-0.668432127557,1.02623314592,0.498160260297,100.0
5.648246,-0.820679720581,-0.463262197412,0.0398835004395,1.96272841586,-0.0751650585205,0.075548553717,-0.0533058323181,0.0,0.0866699144165,-1.00399042452,1.17464578698,1.94240317044,-0.667665137164,1.02776712671,0.498160260297,100.0
5.658225,-0.820296225385,-0.462111711823,0.0398835004395,1.96272841586,-0.0751650585205,0.0740145729309,-0.0533058323181,0.0,0.08628641922,-1.00437391972,1.17464578698,1.94201967524,-0.668815622754,1.02738363151,0.4977767651,100.0
5.668207,-0.820679720581,-0.462495207019,0.0406504908325,1.96311191105,-0.0743980681274,0.0740145729309,-0.0536893275146,0.0,0.0866699144165,-1.00475741492,1.17464578698,1.94240317044,-0.668815622754,1.02623314592,0.498543755493,100.0
5.678259,-0.820296225385,-0.462111711823,0.0395000052429,1.96311191105,-0.0743980681274,0.0743980681274,-0.0536893275146,0.0,0.08628641922,-1.00475741492,1.17387879659,1.94240317044,-0.668432127557,1.02700013632,0.497393269904,100.0
5.688266,-0.820296225385,-0.460961226233,0.0391165100464,1.96234492066,-0.0743980681274,0.0743980681274,-0.0533058323181,0.0,0.0866699144165,-1.00437391972,1.17426229178,1.94201967524,-0.667665137164,1.02700013632,0.4977767651,100.0
5.698230,-0.819912730188,-0.462111711823,0.040266995636,1.96387890145,-0.0743980681274,0.0743980681274,-0.0533058323181,0.0,0.08628641922,-1.00437391972,1.17464578698,1.94240317044,-0.668815622754,1.02700013632,0.49892725069,100.0
5.708218,-0.820296225385,-0.461728216626,0.0391165100464,1.96387890145,-0.074781563324,0.0743980681274,-0.0540728227112,0.0,0.087053409613,-1.00437391972,1.17464578698,1.94278666564,-0.668048632361,1.02623314592,0.498160260297,100.0
5.718244,-0.820296225385,-0.462111711823,0.0395000052429,1.96311191105,-0.0743980681274,0.0736310777344,-0.0536893275146,0.0,0.0855194288269,-1.00475741492,1.17426229178,1.94201967524,-0.668432127557,1.02623314592,0.498160260297,100.0
5.728213,-0.820679720581,-0.462878702216,0.0387330148499,1.96349540625,-0.0743980681274,0.0743980681274,-0.0529223371216,0.0,0.0874369048096,-1.00475741492,1.17464578698,1.94163618005,-0.668048632361,1.02584965073,0.498160260297,100.0
5.738244,-0.820296225385,-0.462495207019,0.0391165100464,1.96272841586,-0.075548553717,0.074781563324,-0.052538841925,0.0,0.0866699144165,-1.00475741492,1.17387879659,1.94201967524,-0.668048632361,1.02738363151,0.498160260297,100.0
5.748246,-0.819912730188,-0.462495207019,0.0398835004395,1.96349540625,-0.0743980681274,0.074781563324,-0.0529223371216,0.0,0.0855194288269,-1.00437391972,1.17426229178,1.94240317044,-0.668432127557,1.02700013632,0.498160260297,100.0
5.758221,-0.821063215778,-0.462495207019,0.0383495196533,1.96311191105,-0.075548553717,0.0740145729309,-0.0533058323181,0.0,0.0859029240234,-1.00399042452,1.17426229178,1.94240317044,-0.668432127557,1.02623314592,0.498160260297,100.0
5.768201,-0.821063215778,-0.461344721429,0.0391165100464,1.96234492066,-0.074781563324,0.074781563324,-0.0540728227112,0.0,0.087053409613,-1.00475741492,1.17464578698,1.94201967524,-0.667281641968,1.02700013632,0.4977767651,100.0
5.778216,-0.819912730188,-0.461344721429,0.0398835004395,1.96311191105,-0.075548553717,0.0743980681274,-0.0536893275146,0.0,0.087053409613,-1.00399042452,1.17464578698,1.94240317044,-0.668048632361,1.02623314592,0.4977767651,100.0
5.788318,-0.820296225385,-0.462495207019,0.0391165100464,1.96311191105,-0.074781563324,0.074781563324,-0.0533058323181,0.0,0.08628641922,-1.00475741492,1.17426229178,1.94240317044,-0.668432127557,1.02623314592,0.497393269904,100.0
5.798287,-0.820679720581,-0.462111711823,0.0395000052429,1.96272841586,-0.0743980681274,0.074781563324,-0.0533058323181,0.0,0.0866699144165,-1.00475741492,1.17464578698,1.94201967524,-0.667281641968,1.02738363151,0.4977767651,100.0
5.808263,-0.821063215778,-0.462495207019,0.0395000052429,1.96234492066,-0.074781563324,0.0751650585205,-0.0533058323181,0.0,0.0866699144165,-1.00514091011,1.17502928218,1.94240317044,-0.668048632361,1.02623314592,0.4977767651,100.0
5.818241,-0.820679720581,-0.462111711823,0.0398835004395,1.96349540625,-0.0751650585205,0.0751650585205,-0.0540728227112,0.0,0.08628641922,-1.00437391972,1.17426229178,1.94278666564,-0.667665137164,1.02700013632,0.498160260297,100.0
5.828225,-0.821063215778,-0.462111711823,0.0395000052429,1.96272841586,-0.0743980681274,0.0736310777344,-0.0529223371216,0.0,0.0866699144165,-1.00514091011,1.17426229178,1.94240317044,-0.667665137164,1.02738363151,0.498160260297,100.0
5.838288,-0.821063215778,-0.462495207019,0.0398835004395,1.96311191105,-0.0743980681274,0.074781563324,-0.0533058323181,0.0,0.08628641922,-1.00475741492,1.17426229178,1.94278666564,-0.668048632361,1.02700013632,0.498160260297,100.0
5.848243,-0.820679720581,-0.463262197412,0.0398835004395,1.96272841586,-0.0751650585205,0.0743980681274,-0.0536893275146,0.0,0.08628641922,-1.00475741492,1.17541277737,1.94240317044,-0.668048632361,1.02738363151,0.498543755493,100.0
5.858259,-0.820679720581,-0.462878702216,0.0395000052429,1.96349540625,-0.074781563324,0.0751650585205,-0.0529223371216,0.0,0.0866699144165,-1.00475741492,1.17464578698,1.94201967524,-0.668048632361,1.02700013632,0.498160260297,100.0
5.868242,-0.821063215778,-0.462111711823,0.0383495196533,1.96272841586,-0.0751650585205,0.0743980681274,-0.0529223371216,0.0,0.087053409613,-1.00475741492,1.17464578698,1.94163618005,-0.667281641968,1.02738363151,0.497393269904,100.0
5.878250,-0.820679720581,-0.461728216626,0.0395000052429,1.96272841586,-0.0751650585205,0.0743980681274,-0.0540728227112,0.0,0.0866699144165,-1.00437391972,1.17464578698,1.94240317044,-0.668048632361,1.02738363151,0.497393269904,100.0
5.888221,-0.821063215778,-0.462111711823,0.0391165100464,1.96349540625,-0.0751650585205,0.074781563324,-0.0536893275146,0.0,0.0866699144165,-1.00360692933,1.17426229178,1.94240317044,-0.667665137164,1.02700013632,0.4977767651,100.0
5.898253,-0.821063215778,-0.462495207019,0.0398835004395,1.96272841586,-0.0751650585205,0.074781563324,-0.0533058323181,0.0,0.0866699144165,-1.00475741492,1.17426229178,1.94201967524,-0.667665137164,1.02700013632,0.498160260297,100.0
5.908226,-0.820296225385,-0.462111711823,0.0395000052429,1.96311191105,-0.074781563324,0.0743980681274,-0.0540728227112,0.0,0.0866699144165,-1.00437391972,1.17464578698,1.94240317044,-0.668815622754,1.02700013632,0.498160260297,100.0
5.918240,-0.821063215778,-0.460577731036,0.0387330148499,1.96234492066,-0.0751650585205,0.0743980681274,-0.0540728227112,0.0,0.08628641922,-1.00475741492,1.17387879659,1.94240317044,-0.667665137164,1.02584965073,0.497393269904,100.0
5.928192,-0.821446710974,-0.462495207019,0.040266995636,1.96196142546,-0.0751650585205,0.0740145729309,-0.0533058323181,0.0,0.0866699144165,-1.00475741492,1.17387879659,1.94201967524,-0.668432127557,1.02623314592,0.498543755493,100.0
5.938258,-0.820679720581,-0.462111711823,0.040266995636,1.96272841586,-0.0751650585205,0.0743980681274,-0.0540728227112,0.0,0.08628641922,-1.00437391972,1.17426229178,1.94163618005,-0.667665137164,1.02700013632,0.4977767651,100.0
5.948235,-0.819912730188,-0.461728216626,0.0395000052429,1.96311191105,-0.0751650585205,0.0743980681274,-0.0536893275146,0.0,0.087053409613,-1.00475741492,1.17426229178,1.94240317044,-0.66919911795,1.02623314592,0.498160260297,100.0
5.958223,-0.819912730188,-0.462495207019,0.040266995636,1.96311191105,-0.075548553717,0.074781563324,-0.0540728227112,0.0,0.08628641922,-1.00437391972,1.17464578698,1.94201967524,-0.668048632361,1.02623314592,0.498160260297,100.0
5.968258,-0.820296225385,-0.461344721429,0.0383495196533,1.96311191105,-0.0751650585205,0.0743980681274,-0.0533058323181,0.0,0.0874369048096,-1.00399042452,1.17387879659,1.94201967524,-0.668432127557,1.02623314592,0.4977767651,100.0
5.978225,-0.821063215778,-0.461728216626,0.0391165100464,1.96311191105,-0.074781563324,0.0743980681274,-0.0533058323181,0.0,0.08628641922,-1.00360692933,1.17502928218,1.94240317044,-0.667665137164,1.02700013632,0.498160260297,100.0
5.988244,-0.820296225385,-0.461344721429,0.0391165100464,1.96234492066,-0.075548553717,0.074781563324,-0.0536893275146,0.0,0.0866699144165,-1.00399042452,1.17464578698,1.94201967524,-0.668048632361,1.02700013632,0.498160260297,100.0
5.998265,-0.820296225385,-0.461728216626,0.0387330148499,1.96196142546,-0.0759320489136,0.0740145729309,-0.0536893275146,0.0,0.087053409613,-1.00437391972,1.17387879659,1.94278666564,-0.668048632361,1.02623314592,0.498160260297,100.0
6.008236,-0.821063215778,-0.462111711823,0.0395000052429,1.96272841586,-0.075548553717,0.074781563324,-0.0533058323181,0.0,0.087053409613,-1.00437391972,1.17426229178,1.94240317044,-0.667665137164,1.02700013632,0.4977767651,100.0
6.018225,-0.820679720581,-0.462495207019,0.0391165100464,1.96272841586,-0.0751650585205,0.0740145729309,-0.0540728227112,0.0,0.0874369048096,-1.00437391972,1.17464578698,1.94240317044,-0.668048632361,1.02776712671,0.498160260297,100.0
6.028200,-0.820679720581,-0.462495207019,0.0395000052429,1.96196142546,-0.074781563324,0.074781563324,-0.0540728227112,0.0,0.0866699144165,-1.00437391972,1.17426229178,1.94240317044,-0.668048632361,1.02738363151,0.498160260297,100.0
6.038236,-0.821063215778,-0.461344721429,0.0391165100464,1.96234492066,-0.0751650585205,0.0743980681274,-0.0536893275146,0.0,0.087053409613,-1.00437391972,1.17464578698,1.94240317044,-0.668048632361,1.02623314592,0.4977767651,100.0
6.048186,-0.821446710974,-0.461728216626,0.0395000052429,1.96157793027,-0.0743980681274,0.0743980681274,-0.0536893275146,0.0,0.087053409613,-1.00437391972,1.17426229178,1.94240317044,-0.668432127557,1.02623314592,0.497393269904,100.0
6.058239,-0.820679720581,-0.462878702216,0.0395000052429,1.96157793027,-0.074781563324,0.075548553717,-0.0529223371216,0.0,0.08628641922,-1.00399042452,1.17387879659,1.94240317044,-0.667665137164,1.02623314592,0.498160260297,100.0
6.068233,-0.820296225385,-0.462111711823,0.0391165100464,1.96196142546,-0.074781563324,0.074781563324,-0.0540728227112,0.0,0.08628641922,-1.00475741492,1.17464578698,1.94163618005,-0.668815622754,1.02623314592,0.498160260297,100.0
6.078240,-0.820679720581,-0.462111711823,0.0387330148499,1.96196142546,-0.074781563324,0.074781563324,-0.0529223371216,0.0,0.0859029240234,-1.00437391972,1.17502928218,1.94278666564,-0.667281641968,1.02623314592,0.498160260297,100.0
6.088257,-0.820296225385,-0.462111711823,0.0387330148499,1.96157793027,-0.074781563324,0.0740145729309,-0.0536893275146,0.0,0.08628641922,-1.00514091011,1.17502928218,1.94201967524,-0.667281641968,1.02623314592,0.4977767651,100.0
6.098234,-0.819529234991,-0.462495207019,0.0387330148499,1.96234492066,-0.074781563324,0.0743980681274,-0.0536893275146,0.0,0.0866699144165,-1.00437391972,1.17502928218,1.94201967524,-0.668432127557,1.02623314592,0.498160260297,100.0
6.108258,-0.820679720581,-0.462495207019,0.0391165100464,1.96119443507,-0.0751650585205,0.074781563324,-0.0536893275146,0.0,0.0866699144165,-1.00437391972,1.17464578698,1.94201967524,-0.668432127557,1.02700013632,0.4977767651,100.0
6.118258,-0.821063215778,-0.461728216626,0.0383495196533,1.96119443507,-0.0740145729309,0.0740145729309,-0.0533058323181,0.0,0.0866699144165,-1.00552440531,1.17426229178,1.94163618005,-0.667281641968,1.02700013632,0.498160260297,100.0
6.128232,-0.820679720581,-0.461344721429,0.0391165100464,1.96234492066,-0.074781563324,0.0740145729309,-0.0536893275146,0.0,0.0855194288269,-1.00475741492,1.17464578698,1.94201967524,-0.668432127557,1.02623314592,0.497393269904,100.0
6.138251,-0.820296225385,-0.462878702216,0.0395000052429,1.96119443507,-0.0751650585205,0.0743980681274,-0.0540728227112,0.0,0.0866699144165,-1.00475741492,1.17426229178,1.94278666564,-0.668815622754,1.02623314592,0.498543755493,100.0
6.148203,-0.821446710974,-0.461344721429,0.0395000052429,1.96234492066,-0.0743980681274,0.0743980681274,-0.0540728227112,0.0,0.08628641922,-1.00360692933,1.17426229178,1.94240317044,-0.668048632361,1.02623314592,0.498160260297,100.0
6.158237,-0.819912730188,-0.460961226233,0.0387330148499,1.96196142546,-0.074781563324,0.074781563324,-0.0533058323181,0.0,0.08628641922,-1.00437391972,1.17464578698,1.94201967524,-0.669582613147,1.02700013632,0.498543755493,100.0
6.168240,-0.820679720581,-0.462111711823,0.0383495196533,1.96196142546,-0.074781563324,0.0751650585205,-0.0536893275146,0.0,0.08628641922,-1.00399042452,1.17464578698,1.94201967524,-0.66919911795,1.02700013632,0.498160260297,100.0
6.178214,-0.820679720581,-0.462495207019,0.0391165100464,1.96157793027,-0.0743980681274,0.0740145729309,-0.0536893275146,0.0,0.08628641922,-1.00437391972,1.17502928218,1.94201967524,-0.667665137164,1.02776712671,0.4977767651,100.0
6.188262,-0.820679720581,-0.461728216626,0.0391165100464,1.96234492066,-0.074781563324,0.0743980681274,-0.0533058323181,0.0,0.0859029240234,-1.00437391972,1.17541277737,1.94125268485,-0.667281641968,1.02776712671,0.498543755493,100.0
6.198227,-0.820679720581,-0.463262197412,0.0391165100464,1.96157793027,-0.074781563324,0.0751650585205,-0.0529223371216,0.0,0.0866699144165,-1.00399042452,1.17464578698,1.94201967524,-0.667665137164,1.02738363151,0.498160260297,100.0
6.208221,-0.821063215778,-0.462878702216,0.0387330148499,1.96196142546,-0.0743980681274,0.0743980681274,-0.0540728227112,0.0,0.0866699144165,-1.00475741492,1.17502928218,1.94163618005,-0.668432127557,1.02584965073,0.498160260297,100.0
6.218219,-0.820296225385,-0.462111711823,0.0391165100464,1.96196142546,-0.074781563324,0.074781563324,-0.0536893275146,0.0,0.0866699144165,-1.00475741492,1.17502928218,1.94086918965,-0.668048632361,1.02700013632,0.497393269904,100.0
6.228207,-0.820679720581,-0.462111711823,0.0395000052429,1.96157793027,-0.0743980681274,0.074781563324,-0.0540728227112,0.0,0.08628641922,-1.00437391972,1.17502928218,1.94125268485,-0.668048632361,1.02584965073,0.4977767651,100.0
6.238253,-0.820679720581,-0.461344721429,0.0398835004395,1.96196142546,-0.074781563324,0.075548553717,-0.0536893275146,0.0,0.0866699144165,-1.00475741492,1.17502928218,1.94125268485,-0.668432127557,1.02700013632,0.498160260297,100.0
6.248210,-0.820296225385,-0.462878702216,0.0387330148499,1.96272841586,-0.074781563324,0.074781563324,-0.0540728227112,0.0,0.087053409613,-1.00437391972,1.17426229178,1.94086918965,-0.668432127557,1.02623314592,0.498160260297,100.0
6.258268,-0.821446710974,-0.462111711823,0.0395000052429,1.96196142546,-0.0751650585205,0.0740145729309,-0.0533058323181,0.0,0.0866699144165,-1.00514091011,1.17464578698,1.94048569446,-0.667665137164,1.02700013632,0.498160260297,100.0
6.268239,-0.820679720581,-0.461728216626,0.0383495196533,1.96234492066,-0.074781563324,0.0743980681274,-0.0540728227112,0.0,0.08628641922,-1.00437391972,1.17426229178,1.94125268485,-0.668432127557,1.02738363151,0.497009774707,100.0
6.278224,-0.819912730188,-0.462111711823,0.0383495196533,1.96157793027,-0.074781563324,0.0740145729309,-0.0533058323181,0.0,0.08628641922,-1.00475741492,1.17426229178,1.94125268485,-0.668815622754,1.02700013632,0.497393269904,100.0
6.288223,-0.821446710974,-0.462111711823,0.0383495196533,1.96157793027,-0.0751650585205,0.0743980681274,-0.0533058323181,0.0,0.0859029240234,-1.00475741492,1.17387879659,1.94010219926,-0.668815622754,1.02623314592,0.498160260297,100.0
6.298302,-0.821063215778,-0.462495207019,0.0387330148499,1.96311191105,-0.075548553717,0.074781563324,-0.0536893275146,0.0,0.087053409613,-1.00437391972,1.17502928218,1.94010219926,-0.668815622754,1.02738363151,0.498160260297,100.0
