time,left_w1,left_gripper,right_gripper
0,0.87667,0,100
0.01,0.87667,0,100
0.02,0.87648,0,100
0.03,0.87595,0,100
0.04,0.87499,0,100
0.05,0.87351,0,100
0.06,0.87145,0,100
0.07,0.86876,0,100
0.08,0.86539,0,100
0.09,0.86127,0,100
0.1,0.85635,0,100
0.11,0.85054,0,100
0.12,0.84379,0,100
0.13,0.83601,0,100
0.14,0.82715,0,100
0.15,0.81718,0,100
0.16,0.80609,0,100
0.17,0.79389,0,100
0.18,0.78063,0,100
0.19,0.76634,0,100
0.2,0.7511,0,100
0.21,0.73496,0,100
0.22,0.71798,0,100
0.23,0.70022,0,100
0.24,0.68175,0,100
0.25,0.66258,0,100
0.26,0.64277,0,100
0.27,0.62229,0,100
0.28,0.60111,0,100
0.29,0.57915,0,100
0.3,0.55625,0,100
0.31,0.5322,0,100
0.32,0.50674,0,100
0.33,0.47959,0,100
0.34,0.4505,0,100
0.35,0.41931,0,100
0.36,0.3859,0,100
0.37,0.35029,0,100
0.38,0.31254,0,100
0.39,0.27281,0,100
0.4,0.2313,0,100
0.41,0.18823,0,100
0.42,0.14388,0,100
0.43,0.098547,0,100
0.44,0.052536,0,100
0.45,0.0061833,0,100
0.46,-0.040179,0,100
0.47,-0.086241,0,100
0.48,-0.13173,0,100
0.49,-0.17642,0,100
0.5,-0.22015,0,100
0.51,-0.26278,0,100
0.52,-0.30423,0,100
0.53,-0.34446,0,100
0.54,-0.38345,0,100
0.55,-0.42125,0,100
0.56,-0.45792,0,100
0.57,-0.49361,0,100
0.58,-0.52848,0,100
0.59,-0.56274,0,100
0.6,-0.59658,0,100
0.61,-0.63016,0,100
0.62,-0.66356,0,100
0.63,-0.69683,0,100
0.64,-0.72996,0,100
0.65,-0.76289,0,100
0.66,-0.79556,0,100
0.67,-0.82787,0,100
0.68,-0.8597,0,100
0.69,-0.89091,0,100
0.7,-0.92132,0,100
0.71,-0.95072,0,100
0.72,-0.97891,0,100
0.73,-1.0057,0,100
0.74,-1.0309,0,100
0.75,-1.0544,0,100
0.76,-1.0762,0,100
0.77,-1.0963,0,100
0.78,-1.1148,0,100
0.79,-1.1316,0,100
0.8,-1.1469,0,100
0.81,-1.1608,0,100
0.82,-1.1732,0,100
0.83,-1.1844,0,100
0.84,-1.1943,0,100
0.85,-1.2031,0,100
0.86,-1.2107,0,100
0.87,-1.2173,0,100
0.88,-1.2228,0,100
0.89,-1.2275,0,100
0.9,-1.2313,0,100
0.91,-1.2344,0,100
0.92,-1.2367,0,100
0.93,-1.2385,0,100
0.94,-1.2396,0,100
0.95,-1.2404,0,100
0.96,-1.2407,0,100
0.97,-1.2407,0,100
0.98,-1.2405,0,100
0.99,-1.2402,0,100
1,-1.2398,0,100
1.01,-1.2393,0,100
1.02,-1.2389,0,100
1.03,-1.2385,0,100
1.04,-1.2381,0,100
1.05,-1.2379,0,100
1.06,-1.2376,0,100
1.07,-1.2375,0,100
1.08,-1.2374,0,100
1.09,-1.2374,0,100
1.1,-1.2374,0,100
1.11,-1.2375,0,100
1.12,-1.2377,0,100
1.13,-1.2379,0,100
1.14,-1.2381,0,100
1.15,-1.2384,0,100
1.16,-1.2387,0,100
1.17,-1.239,0,100
1.18,-1.2394,0,100
1.19,-1.2397,0,100
1.2,-1.2401,0,100
